McMahon_6-27-18
Element	Method	Eval Date	Mass coefficient.	Mg	Mg	Mg	Mg	Al	Al	Al	Al	Si	Si	Si	Si	P	P	P	P	S	S	S	S	Cl	Cl	Cl	Cl	K	K	K	K	Ca	Ca	Ca	Ca	Ti	Ti	Ti	Ti	Mn	Mn	Mn	Mn	Fe	Fe	Fe	Fe	Cu	Cu	Cu	Cu	Zn	Zn	Zn	Zn	Sr	Sr	Sr	Sr	Zr	Zr	Zr	Zr	Nb	Nb	Nb	Nb	Mo	Mo	Mo	Mo	Pb	Pb	Pb	Pb	
Dimension			cm²/g	%	Abs. Error ( %)	Norm. Int.	%	%	Abs. Error ( %)	Norm. Int.	%	%	Abs. Error ( %)	Norm. Int.	%	%	Abs. Error ( %)	Norm. Int.	%	%	Abs. Error ( %)	Norm. Int.	%	%	Abs. Error ( %)	Norm. Int.	%	%	Abs. Error ( %)	Norm. Int.	%	%	Abs. Error ( %)	Norm. Int.	%	µg/g	Abs. Error ( µg/g)	Norm. Int.	µg/g	µg/g	Abs. Error ( µg/g)	Norm. Int.	µg/g	µg/g	Abs. Error ( µg/g)	Norm. Int.	µg/g	µg/g	Abs. Error ( µg/g)	Norm. Int.	µg/g	µg/g	Abs. Error ( µg/g)	Norm. Int.	µg/g	µg/g	Abs. Error ( µg/g)	Norm. Int.	µg/g	µg/g	Abs. Error ( µg/g)	Norm. Int.	µg/g	µg/g	Abs. Error ( µg/g)	Norm. Int.	µg/g	µg/g	Abs. Error ( µg/g)	Norm. Int.	µg/g	µg/g	Abs. Error ( µg/g)	Norm. Int.	µg/g	
It.E2.3.20-40.04	TQ Powders	7/17/2018 3:52:39 PM	12.3901	0.0549	0.0022	5.5450	0.012	22.00	0.05	1169.5365	0.00095	8.496	0.021	826.7432	0.0020	0.02580	0.00065	11.0036	0.0015	0.02525	0.00061	11.3313	0.00065	0.00321	0.00023	4.1192	0.00060	0.02158	0.00029	65.4945	0.00031	< 0.0010	(0.0)	21.4900	0.00100	15100	10	17120.7093	0.1	98.0	0.5	359.6186	0.4	77810	70	52410.4051	0.1	7.4	0.8	9.9326	1.1	17.4	0.6	33.3389	0.8	15.8	0.2	148.3841	0.3	617.3	1.9	980.2329	0.1	53.8	0.7	84.9506	1.0	7.6	0.5	17.9881	1.3	10.9	0.9	23.5935	0.8	
It.E2.2.20-40.04	TQ Powders	7/17/2018 3:38:43 PM	12.4415	0.0692	0.0027	5.7580	0.012	21.96	0.05	1187.4187	0.0010	8.441	0.021	832.1250	0.0020	0.02648	0.00068	11.0772	0.0015	0.02503	0.00061	11.3963	0.00066	0.00187	0.00019	3.0567	0.00061	0.02053	0.00029	62.9351	0.00031	< 0.0010	(0.0)	17.4528	0.00100	15170	10	17348.5601	0.1	100.7	0.5	372.3500	0.4	79430	70	54021.3088	0.1	8.1	0.8	10.9294	1.1	18.4	0.6	35.1716	0.7	15.3	0.2	143.3752	0.3	603.4	1.9	959.9229	0.1	53.9	0.7	85.2719	1.0	7.7	0.5	18.1865	1.3	13.1	0.9	28.3553	0.8	
It.E2.1.20-40.04	TQ Powders	7/17/2018 3:24:48 PM	12.6576	0.0452	0.0018	5.3887	0.013	22.60	0.05	1158.4623	0.00096	8.719	0.022	820.1727	0.0020	0.02820	0.00072	10.8887	0.0016	0.02167	0.00059	9.4733	0.00068	0.00147	0.00016	2.6764	0.00062	0.01978	0.00029	58.2828	0.00032	< 0.0010	(0.0)	17.2934	0.00100	15320	10	16853.3867	0.1	100.0	0.5	356.5659	0.4	78910	70	51562.6779	0.1	3.9	0.8	5.1314	1.1	18.2	0.6	34.0096	0.8	15.7	0.2	143.3649	0.3	586.4	1.9	911.2694	0.1	54.6	0.7	84.4749	1.0	9.4	0.5	21.0736	1.3	11.4	0.9	24.2172	0.8	
It.E2.4.20-40.04	TQ Powders	7/17/2018 3:10:53 PM	12.1390	0.0879	0.0033	6.0254	0.012	21.64	0.04	1177.3677	0.00092	9.109	0.022	903.7136	0.0018	0.02882	0.00071	11.3314	0.0015	0.02616	0.00061	11.8278	0.00064	0.00200	0.00020	3.1548	0.00060	0.02159	0.00029	65.9394	0.00031	< 0.0010	(0.0)	18.2663	0.00100	14630	10	16693.6954	0.1	94.5	0.5	349.7112	0.4	75300	70	51347.9971	0.1	4.8	0.8	6.6501	1.1	17.2	0.6	33.5380	0.8	15.0	0.2	143.7177	0.3	571.0	1.8	926.6254	0.1	52.3	0.7	84.1769	1.0	7.4	0.4	17.7910	1.3	10.7	0.8	23.8141	0.8	
It.E1.4.20-40.16	TQ Powders	7/17/2018 2:57:01 PM	10.0412	0.1212	0.0039	6.4790	0.010	25.58	0.05	1368.4458	0.00001	9.119	0.022	837.8004	0.0013	0.01084	0.00027	9.6603	0.0013	0.02551	0.00055	11.0046	0.00051	0.00232	0.00019	3.3177	0.00053	0.02427	0.00031	70.2801	0.00032	0.00152	0.00005	19.5647	0.00022	16110	20	17448.2432	0.1	52.0	0.5	182.7488	0.4	40600	40	26737.1842	0.1	2.3	0.6	3.7517	0.8	18.9	0.4	43.7885	0.6	16.1	0.2	185.3502	0.2	679.5	1.9	1267.0846	0.1	62.0	0.6	113.3189	0.9	6.3	0.4	17.2358	1.3	7.6	0.6	19.9781	0.6	
It.E1.3.20-40.16	TQ Powders	7/17/2018 2:43:11 PM	10.2438	0.1001	0.0034	6.1068	0.011	25.05	0.05	1271.5352	0.00001	9.568	0.022	854.1713	0.0013	0.01260	0.00032	9.4700	0.0013	0.02948	0.00059	12.3263	0.00051	0.00331	0.00023	4.0060	0.00055	0.02489	0.00031	70.1791	0.00032	0.00648	0.00012	42.5174	0.00021	15440	10	16322.1957	0.1	55.3	0.5	190.8807	0.4	41430	40	26529.7298	0.1	3.3	0.7	5.1901	0.8	19.7	0.5	44.5077	0.6	16.4	0.2	182.9142	0.3	657.6	1.8	1191.5320	0.1	59.0	0.6	104.8585	0.9	5.9	0.4	15.8948	1.2	7.6	0.6	19.4657	0.6	
It.E1.1.40-60.16	TQ Powders	7/17/2018 2:29:23 PM	10.2429	< 0.0020	(0.0)	4.6923	0.0020	24.41	0.05	1284.3019	0.00001	9.344	0.022	863.1103	0.0014	0.01207	0.00030	9.5820	0.0013	0.02382	0.00054	10.3082	0.00053	0.00767	0.00030	7.4500	0.00054	0.02728	0.00032	79.1366	0.00032	0.00239	0.00007	24.6227	0.00022	15730	10	17102.4107	0.1	56.8	0.5	200.6622	0.4	43900	40	28866.5115	0.1	3.2	0.7	5.1167	0.8	20.8	0.5	47.2246	0.6	18.3	0.2	205.3417	0.3	663.9	1.9	1214.8465	0.1	60.9	0.6	109.3463	0.9	6.4	0.4	17.2671	1.2	8.1	0.6	20.8040	0.6	
It.E1.1.20-40.16	TQ Powders	7/17/2018 2:15:35 PM	10.3441	0.0998	0.0034	6.1240	0.011	24.94	0.05	1285.6439	0.00001	9.660	0.022	872.8512	0.0013	0.01392	0.00035	9.4858	0.0013	0.02419	0.00055	10.2122	0.00053	0.01197	0.00034	10.5620	0.00054	0.03158	0.00034	89.4440	0.00031	0.00218	0.00007	22.9673	0.00022	15540	10	16524.3609	0.1	55.0	0.5	190.3716	0.4	43310	40	27924.7690	0.1	5.5	0.6	8.7000	0.8	21.0	0.5	47.0761	0.6	17.4	0.2	192.9468	0.3	636.1	1.8	1149.9413	0.1	59.0	0.6	104.5110	0.9	6.5	0.4	17.1853	1.2	7.4	0.6	18.7296	0.6	
It.E1.2.20-40.16	TQ Powders	7/17/2018 2:01:48 PM	10.2089	0.0769	0.0028	5.8570	0.011	23.86	0.05	1274.9367	0.00001	9.919	0.022	931.1028	0.0013	0.01717	0.00042	9.9788	0.0013	0.02812	0.00057	12.1806	0.00051	0.00519	0.00028	5.5550	0.00054	0.02908	0.00032	84.6678	0.00031	0.00597	0.00011	42.2712	0.00021	15120	10	16508.6588	0.1	59.5	0.5	211.6127	0.4	44120	40	29259.7779	0.1	2.6	0.7	4.1319	0.8	20.9	0.5	47.7667	0.6	17.4	0.2	196.2579	0.3	604.5	1.8	1115.3508	0.1	57.5	0.6	104.0496	0.8	6.2	0.4	16.8470	1.2	7.6	0.6	19.7631	0.6	
It.E1.2.40-60.16	TQ Powders	7/17/2018 1:47:59 PM	10.3844	0.1149	0.0039	6.3528	0.011	24.44	0.05	1281.9882	0.00001	9.987	0.023	919.1359	0.0013	0.01469	0.00037	9.5627	0.0013	0.02671	0.00057	11.3620	0.00053	0.00679	0.00031	6.7046	0.00055	0.02798	0.00032	80.0651	0.00031	0.00448	0.00010	34.5815	0.00022	15340	10	16455.2958	0.1	60.4	0.5	210.9490	0.4	44830	40	29217.5003	0.1	4.2	0.7	6.6234	0.9	22.1	0.5	49.4669	0.6	18.5	0.2	205.2205	0.3	622.8	1.8	1133.6070	0.1	58.7	0.6	104.9738	0.9	6.4	0.4	17.0452	1.2	7.2	0.6	18.3764	0.6	
It.E1.3.40-60.16	TQ Powders	7/17/2018 1:34:08 PM	10.0898	0.1215	0.0039	6.4449	0.010	24.85	0.05	1305.1239	0.00001	9.472	0.022	867.4989	0.0013	0.00644	0.00017	8.7185	0.0013	0.02281	0.00054	9.7688	0.00053	0.00286	0.00021	3.7161	0.00054	0.02346	0.00030	67.5848	0.00032	0.00209	0.00006	22.3690	0.00021	15540	10	16764.1073	0.1	54.0	0.5	189.7903	0.4	41190	40	26973.2699	0.1	3.8	0.6	6.0758	0.8	20.0	0.5	46.1142	0.6	16.5	0.2	188.0746	0.3	677.0	1.9	1251.4080	0.1	62.3	0.6	112.4200	0.8	7.1	0.4	18.8519	1.2	6.5	0.6	17.0215	0.6	
It.E1.4.40-60.16	TQ Powders	7/17/2018 1:20:21 PM	10.1872	0.1149	0.0038	6.3337	0.011	26.03	0.05	1345.9399	0.00001	9.214	0.022	822.4893	0.0014	0.01041	0.00026	9.2616	0.0013	0.01940	0.00051	8.1727	0.00054	0.00192	0.00018	2.9710	0.00055	0.02372	0.00031	67.1005	0.00033	0.00181	0.00006	20.3547	0.00022	16320	20	17279.8650	0.1	52.1	0.5	179.4137	0.6	40390	40	25937.1650	0.1	< 1.0	(1.0)	1.6505	1.0	19.0	0.4	43.3196	0.6	15.8	0.2	178.5127	0.3	666.2	1.8	1222.8679	0.1	62.0	0.6	111.3959	0.8	6.4	0.4	17.0988	1.2	6.0	0.6	15.5101	0.6	
It.E1.5.40-60.16	TQ Powders	7/17/2018 12:54:59 PM	10.4417	0.1154	0.0038	6.3458	0.011	25.56	0.05	1325.9912	0.00001	9.542	0.022	859.6502	0.0014	0.00768	0.00020	8.6983	0.0013	0.01402	0.00047	5.9916	0.00057	0.00251	0.00020	3.4185	0.00055	0.02200	0.00030	62.3720	0.00033	0.00077	0.00003	16.5157	0.00022	16330	20	17305.4889	0.1	55.1	0.5	189.7747	0.4	44010	40	28270.2836	0.1	1.7	0.7	2.7135	0.9	20.4	0.5	45.3714	0.6	18.2	0.2	200.8254	0.3	669.7	1.9	1212.7241	0.1	65.3	0.7	115.9519	0.9	6.9	0.4	18.2599	1.3	7.7	0.6	19.4317	0.6	
It.E1.2.60-100.16	TQ Powders	7/17/2018 12:41:12 PM	10.3287	0.1169	0.0039	6.4391	0.010	24.36	0.05	1320.0578	0.00001	9.744	0.022	918.1512	0.0013	0.01048	0.00028	9.1240	0.0013	0.02273	0.00054	9.8795	0.00054	0.00588	0.00029	6.1085	0.00054	0.02715	0.00032	79.3426	0.00031	0.00422	0.00009	34.2267	0.00022	15630	10	17092.5373	0.1	62.1	0.5	220.7029	0.4	45720	40	30405.4349	0.1	3.5	0.7	5.5655	0.9	22.7	0.5	51.3886	0.6	18.0	0.2	201.6806	0.3	644.3	1.8	1184.9339	0.1	59.9	0.6	108.0627	0.9	6.5	0.4	17.5285	1.2	6.3	0.6	16.1938	0.6	
It.E1.1.60-100.16	TQ Powders	7/17/2018 12:27:16 PM	10.2185	0.1074	0.0036	6.3009	0.010	24.55	0.05	1328.1797	0.00001	9.171	0.022	861.4932	0.0014	0.01070	0.00028	9.2949	0.0013	0.02254	0.00053	9.9139	0.00053	0.00568	0.00027	5.9779	0.00054	0.02441	0.00031	71.8924	0.00032	0.00329	0.00008	29.7012	0.00022	15940	20	17553.7382	0.1	60.1	0.5	214.7525	0.4	44680	40	29819.9230	0.1	3.0	0.7	4.8223	0.9	20.9	0.5	47.5869	0.6	18.1	0.2	204.5944	0.3	651.4	1.8	1205.3971	0.1	62.1	0.6	112.2696	0.9	7.1	0.4	18.9253	1.2	8.2	0.6	21.2109	0.6	
It.E1.3.60-100.16	TQ Powders	7/17/2018 12:13:20 PM	10.0135	0.1264	0.0041	6.5771	0.010	24.75	0.05	1343.8252	0.00001	9.398	0.022	881.3881	0.0013	0.01245	0.00030	9.9124	0.0013	0.02492	0.00054	10.8749	0.00052	0.00450	0.00026	5.0431	0.00054	0.02592	0.00031	75.9909	0.00031	0.00768	0.00013	50.3695	0.00021	15550	10	17063.4853	0.1	56.3	0.5	200.6891	0.4	41640	40	27807.3678	0.1	2.9	0.6	4.7795	0.8	21.5	0.5	50.0165	0.6	17.3	0.2	199.8681	0.3	665.6	1.8	1251.7458	0.1	60.8	0.6	111.9981	0.8	6.2	0.4	17.1637	1.2	6.8	0.6	17.9552	0.6	
It.E1.4.60-100.16	TQ Powders	7/17/2018 11:59:31 AM	10.2434	0.1026	0.0035	6.1808	0.010	26.10	0.05	1360.3910	0.00001	8.848	0.021	793.9916	0.0014	0.00999	0.00025	9.4045	0.0013	0.01686	0.00048	7.2032	0.00054	0.00326	0.00023	3.9962	0.00054	0.02341	0.00030	66.8111	0.00032	0.00212	0.00007	22.1863	0.00022	16400	20	17504.9565	0.1	53.7	0.5	186.2012	0.4	41910	40	27100.4424	0.1	2.7	0.7	4.3178	0.8	20.1	0.5	45.6975	0.6	16.5	0.2	186.0770	0.3	687.4	1.9	1256.5948	0.1	64.6	0.7	115.4542	0.9	6.8	0.4	18.0678	1.3	6.9	0.6	17.8209	0.6	
Diluted Soil 5	TQ Powders	7/17/2018 11:45:41 AM	14.9533	0.0569	0.0023	5.5489	0.013	19.33	0.04	992.6885	0.0019	11.01	0.03	998.8885	0.0020	0.0377	0.0012	8.9873	0.0018	0.02885	0.00070	11.6173	0.00075	0.00144	0.00016	2.5532	0.00068	0.05204	0.00040	137.6674	0.00028	0.00069	0.00002	28.2978	0.00023	11090	10	11021.4150	0.1	157.7	0.6	516.7167	0.4	97290	90	59632.1336	0.1	20.4	1.0	22.9305	1.2	36.9	0.7	58.7612	0.9	6.9	0.2	54.4420	0.4	283.0	1.4	390.6912	0.7	28.1	0.5	40.7207	1.0	4.0	0.3	9.9785	1.1	24.9	0.6	45.1722	0.8	
Diluted Soil 4	TQ Powders	7/17/2018 11:31:45 AM	14.9146	0.0478	0.0020	5.3998	0.014	20.59	0.05	1013.3209	0.0020	11.34	0.03	1017.2747	0.0020	0.0360	0.0011	9.0717	0.0018	0.03023	0.00072	12.0260	0.00075	0.00128	0.00015	2.4345	0.00069	0.05341	0.00041	141.0949	0.00029	0.00104	0.00002	29.6167	0.00023	11330	10	11264.2968	0.1	161.7	0.6	530.5897	0.4	99800	90	60600.8872	0.1	22.7	1.0	25.5216	1.3	38.8	0.8	61.6796	0.9	6.6	0.2	51.4912	0.4	337.4	1.5	460.6469	0.5	25.5	0.5	36.8258	1.0	3.2	0.3	8.5844	1.2	20.8	0.7	37.5309	0.9	
Diluted Soil 3	TQ Powders	7/17/2018 11:17:50 AM	14.1402	0.0552	0.0023	5.5007	0.014	20.63	0.05	1033.0987	0.0021	10.95	0.02	1041.8509	0.0020	0.0362	0.0011	9.3238	0.0017	0.02863	0.00067	12.3043	0.00074	0.00091	0.00013	2.2233	0.00067	0.05333	0.00040	151.3437	0.00027	0.00068	0.00002	30.3426	0.00022	10750	10	11510.6331	0.1	148.8	0.6	526.1930	0.4	99590	90	64223.8681	0.1	21.2	1.0	25.1418	1.3	38.0	0.8	63.7820	0.9	6.9	0.2	56.8569	0.4	297.8	1.4	424.6152	0.6	26.6	0.5	39.7662	1.0	3.1	0.3	8.6170	1.1	26.2	0.6	49.4199	0.9	
Diluted Soil 2	TQ Powders	7/17/2018 11:03:56 AM	14.0962	0.0752	0.0030	5.7762	0.014	20.70	0.05	1054.9885	0.0020	11.06	0.02	1064.9804	0.0020	0.0392	0.0011	9.8467	0.0017	0.02996	0.00068	12.8782	0.00073	< 0.00067	(0.0)	1.6237	0.00066	0.05423	0.00040	154.8134	0.00028	0.00247	0.00005	39.1572	0.00022	10980	10	11814.8801	0.1	155.5	0.6	551.7394	0.4	99370	90	64531.5869	0.1	17.2	1.0	20.4691	1.2	39.3	0.8	66.2718	0.9	6.6	0.2	54.5201	0.4	285.0	1.4	409.0472	0.6	28.7	0.5	42.8764	1.0	3.8	0.3	9.9240	1.1	23.0	0.7	43.7638	0.9	
Diluted Soil 1	TQ Powders	7/17/2018 10:50:02 AM	14.2733	0.0650	0.0026	5.6122	0.014	20.94	0.05	1030.2180	0.0021	11.14	0.03	1042.3488	0.0020	0.0410	0.0012	9.9555	0.0017	0.02866	0.00068	12.1419	0.00074	< 0.00067	(0.00044)	1.8498	0.00067	0.05307	0.00040	148.1705	0.00028	0.00411	0.00007	45.4562	0.00022	10980	10	11565.1324	0.1	156.8	0.6	545.3616	0.4	99930	90	63370.0164	0.1	19.7	1.0	23.0978	1.3	37.9	0.8	62.9099	0.9	7.2	0.2	58.5005	0.4	284.4	1.4	400.9063	0.6	25.8	0.5	38.1588	1.0	3.4	0.3	8.9603	1.1	27.5	0.7	51.3213	0.9	
Spiked Soil	TQ Powders	7/17/2018 10:36:06 AM	13.8371	0.1338	0.0048	6.5654	0.013	20.43	0.04	1054.7014	0.0020	10.98	0.02	1070.2882	0.0019	0.0647	0.0014	15.0852	0.0017	0.02932	0.00068	12.7964	0.00072	0.00135	0.00017	2.5712	0.00065	0.05295	0.00039	152.8868	0.00027	0.03224	0.00023	183.3335	0.00021	10820	10	11761.0554	0.1	152.9	0.6	548.0402	0.4	96670	80	63486.7905	0.1	19.9	1.0	24.2075	1.2	37.3	0.8	64.0626	0.9	6.7	0.2	56.4948	0.4	309.1	1.4	450.8106	0.6	26.2	0.5	40.0421	1.0	3.8	0.3	9.9777	1.1	24.4	0.6	47.1990	0.9	
BP.E2.1.20-40.16	TQ Powders	7/17/2018 10:22:13 AM	14.2289	0.0489	0.0020	5.4093	0.014	20.08	0.05	988.2533	0.0022	12.35	0.03	1164.6147	0.0019	0.02721	0.00081	9.4561	0.0018	0.02126	0.00063	8.8838	0.00077	< 0.00069	(0.00053)	1.9200	0.00069	0.02499	0.00031	69.4522	0.00031	0.00404	0.00007	44.5395	0.00021	13180	10	13727.7148	0.1	195.1	0.7	664.9644	0.4	96680	90	60318.5548	0.1	22.7	1.1	26.6736	1.2	38.8	0.7	64.7598	0.8	21.2	0.3	173.2099	0.4	528.9	1.9	748.5629	0.1	48.7	0.7	69.8314	1.0	5.0	0.4	11.8488	1.3	17.5	1.0	33.1700	0.9	
