McMahon_6-27-18
Element	Method	Eval Date	Mass coefficient.	Mg	Mg	Mg	Mg	Al	Al	Al	Al	Si	Si	Si	Si	P	P	P	P	S	S	S	S	Cl	Cl	Cl	Cl	K	K	K	K	Ca	Ca	Ca	Ca	Ti	Ti	Ti	Ti	Mn	Mn	Mn	Mn	Fe	Fe	Fe	Fe	Cu	Cu	Cu	Cu	Zn	Zn	Zn	Zn	Sr	Sr	Sr	Sr	Zr	Zr	Zr	Zr	Nb	Nb	Nb	Nb	Mo	Mo	Mo	Mo	Pb	Pb	Pb	Pb	
Dimension			cm²/g	%	Abs. Error ( %)	Norm. Int.	%	%	Abs. Error ( %)	Norm. Int.	%	%	Abs. Error ( %)	Norm. Int.	%	%	Abs. Error ( %)	Norm. Int.	%	%	Abs. Error ( %)	Norm. Int.	%	%	Abs. Error ( %)	Norm. Int.	%	%	Abs. Error ( %)	Norm. Int.	%	%	Abs. Error ( %)	Norm. Int.	%	µg/g	Abs. Error ( µg/g)	Norm. Int.	µg/g	µg/g	Abs. Error ( µg/g)	Norm. Int.	µg/g	µg/g	Abs. Error ( µg/g)	Norm. Int.	µg/g	µg/g	Abs. Error ( µg/g)	Norm. Int.	µg/g	µg/g	Abs. Error ( µg/g)	Norm. Int.	µg/g	µg/g	Abs. Error ( µg/g)	Norm. Int.	µg/g	µg/g	Abs. Error ( µg/g)	Norm. Int.	µg/g	µg/g	Abs. Error ( µg/g)	Norm. Int.	µg/g	µg/g	Abs. Error ( µg/g)	Norm. Int.	µg/g	µg/g	Abs. Error ( µg/g)	Norm. Int.	µg/g	
It.E1.3.60-100.04	TQ Powders	7/13/2018 4:21:45 PM	10.8624	0.0863	0.0030	5.8774	0.011	26.98	0.05	1310.7299	0.00001	9.414	0.023	798.8271	0.0015	0.00849	0.00022	8.7896	0.0014	0.01824	0.00052	7.3535	0.00057	0.00538	0.00026	5.3921	0.00056	0.02462	0.00032	66.5147	0.00033	0.00129	0.00005	18.3756	0.00023	16750	20	16948.2910	0.1	56.9	0.5	187.4151	0.4	45260	50	27671.1589	0.1	8.8	0.6	13.1680	0.9	21.2	0.5	45.2052	0.6	17.9	0.2	189.7608	0.3	702.4	2.0	1215.3925	0.1	66.6	0.7	113.1911	0.9	7.2	0.5	18.2711	1.3	6.9	0.6	16.6202	0.6	
It.E1.2.60-100.04	TQ Powders	7/13/2018 4:07:14 PM	10.6694	0.0912	0.0031	5.9255	0.011	27.55	0.05	1320.7708	0.00001	9.151	0.022	763.9562	0.0015	0.00714	0.00018	9.0563	0.0013	0.01734	0.00050	6.9669	0.00056	0.00358	0.00024	4.0767	0.00056	0.02511	0.00032	67.2711	0.00034	0.00409	0.00010	29.7014	0.00023	17530	20	17588.9920	0.1	51.1	0.5	166.6951	0.6	41380	40	25024.6457	0.1	< 1.0	(1.0)	1.4929	1.0	19.9	0.5	43.1393	0.6	18.3	0.2	196.3995	0.3	747.1	2.0	1301.3800	0.1	67.8	0.7	115.8030	0.9	6.4	0.4	16.6220	1.3	7.8	0.6	19.1423	0.6	
It.E1.1.60-100.04	TQ Powders	7/13/2018 3:52:44 PM	9.8494	0.1263	0.0040	6.5887	0.0098	25.80	0.05	1391.2176	0.00001	8.550	0.021	781.1274	0.0014	0.00452	0.00011	9.2884	0.0013	0.01445	0.00046	6.2872	0.00054	0.00342	0.00023	4.1440	0.00053	0.02628	0.00032	75.2619	0.00033	0.00163	0.00006	19.2536	0.00023	17680	20	18813.7116	0.1	48.0	0.5	164.5136	0.6	36450	40	24915.7556	0.1	2.4	0.6	4.0785	0.8	18.7	0.4	45.5944	0.5	15.9	0.2	197.9489	0.2	689.7	1.8	1405.1572	0.1	63.4	0.6	125.9235	0.8	7.7	0.4	21.7760	1.2	6.3	0.5	18.3817	0.6	
It.E1.4.40-60.04	TQ Powders	7/13/2018 3:38:15 PM	10.4291	0.1215	0.0040	6.3155	0.011	27.32	0.05	1325.2493	0.00001	8.835	0.022	743.6408	0.0015	0.00399	0.00011	8.3923	0.0013	0.01711	0.00049	6.9563	0.00055	0.00483	0.00027	5.0045	0.00055	0.02495	0.00032	67.6517	0.00034	0.00155	0.00006	18.0187	0.00023	17350	20	17628.1555	0.1	48.9	0.5	161.2744	0.6	39320	40	24079.5536	0.1	1.5	0.6	2.2973	0.8	22.8	0.5	50.3522	0.6	17.1	0.2	186.8850	0.3	723.3	2.0	1281.8263	0.1	66.2	0.7	114.6377	0.9	6.3	0.4	16.5971	1.3	7.5	0.6	18.6984	0.6	
It.E1.3.40-60.04	TQ Powders	7/13/2018 3:23:44 PM	10.1312	0.1155	0.0038	6.4226	0.010	24.76	0.05	1345.6071	0.00001	9.198	0.022	863.6708	0.0013	0.00730	0.00019	9.0989	0.0013	0.01979	0.00051	8.7099	0.00053	0.00639	0.00027	6.5332	0.00053	0.02409	0.00030	70.9073	0.00032	0.00151	0.00005	20.4189	0.00022	16220	20	17835.8826	0.1	55.8	0.5	198.6980	0.4	43170	40	28802.0191	0.1	2.2	0.7	3.6108	0.8	20.9	0.5	48.1433	0.6	18.1	0.2	206.3503	0.3	689.5	1.9	1282.1869	0.1	65.1	0.7	118.2229	0.9	6.7	0.4	17.9769	1.3	7.3	0.6	19.2340	0.6	
It.E1.2.40-60.04	TQ Powders	7/13/2018 3:09:16 PM	9.8863	0.1180	0.0039	6.4585	0.010	25.33	0.05	1374.1175	0.00001	8.912	0.021	828.7810	0.0013	0.00831	0.00020	9.7226	0.0013	0.01919	0.00050	8.4362	0.00052	0.00619	0.00027	6.3687	0.00053	0.02470	0.00031	72.5109	0.00033	0.00250	0.00008	24.1498	0.00022	16960	20	18600.6855	0.1	49.5	0.5	175.5811	0.6	39000	40	25933.8857	0.1	2.7	0.6	4.4098	0.8	19.8	0.4	46.7230	0.6	17.8	0.2	208.6993	0.2	712.9	1.9	1354.4589	0.1	66.7	0.7	123.4436	0.8	6.9	0.4	18.7659	1.2	7.1	0.6	19.0208	0.6	
It.E1.1.40-60.04	TQ Powders	7/13/2018 2:54:46 PM	9.8933	0.1251	0.0040	6.5531	0.0099	25.54	0.05	1362.3063	0.00001	8.896	0.021	808.7752	0.0013	0.00674	0.00016	9.6430	0.0013	0.01543	0.00047	6.6225	0.00054	0.00431	0.00025	4.7950	0.00053	0.02548	0.00032	72.2868	0.00033	0.00124	0.00005	17.1897	0.00023	17510	20	18447.8173	0.1	48.4	0.5	164.6272	0.6	36260	40	24583.9774	0.1	3.3	0.6	5.6304	0.8	18.6	0.4	45.2142	0.5	16.5	0.2	204.0724	0.2	686.2	1.8	1396.8267	0.1	61.3	0.6	121.9451	0.8	6.6	0.4	19.1729	1.2	5.7	0.5	16.6752	0.5	
It.E1.4.20-40.04	TQ Powders	7/13/2018 2:40:16 PM	9.8010	0.1240	0.0040	6.5492	0.0099	25.45	0.05	1368.1533	0.00001	8.671	0.021	794.0107	0.0013	0.00691	0.00017	9.4582	0.0013	0.02168	0.00052	9.3390	0.00051	0.00415	0.00025	4.7059	0.00053	0.02551	0.00032	73.1155	0.00033	0.00295	0.00009	25.5712	0.00022	17120	20	18242.0165	0.1	47.7	0.5	164.1846	0.6	36200	40	24831.9867	0.1	2.7	0.6	4.6625	0.8	17.3	0.4	42.5337	0.5	15.7	0.2	195.9842	0.2	661.0	1.7	1358.4544	0.1	61.1	0.6	122.7278	0.8	5.5	0.4	16.5865	1.2	5.9	0.5	17.3700	0.5	
It.E1.3.20-40.04	TQ Powders	7/13/2018 2:25:48 PM	10.0984	0.1104	0.0037	6.3527	0.010	24.80	0.05	1347.7704	0.00001	9.625	0.022	902.3993	0.0013	0.01198	0.00029	9.8890	0.0013	0.02137	0.00052	9.3097	0.00052	0.00304	0.00022	3.8947	0.00054	0.02298	0.00030	67.1508	0.00032	0.00146	0.00005	19.7303	0.00021	16050	20	17517.8081	0.1	55.3	0.5	195.8950	0.4	42120	40	27982.8696	0.1	2.8	0.7	4.4670	0.8	20.6	0.5	47.6986	0.6	17.9	0.2	205.2167	0.3	676.4	1.9	1265.6851	0.1	63.4	0.6	115.8890	0.8	6.2	0.4	17.0782	1.2	6.7	0.6	17.7405	0.6	
It.E1.2.20-40.04	TQ Powders	7/13/2018 2:11:21 PM	10.1660	0.1018	0.0034	6.1038	0.011	26.27	0.05	1307.7285	0.00001	9.349	0.022	810.8985	0.0013	0.01260	0.00031	9.4714	0.0013	0.02324	0.00054	9.5503	0.00052	0.00456	0.00025	4.8705	0.00054	0.02498	0.00032	69.0349	0.00033	0.00179	0.00006	19.1029	0.00022	16740	20	17330.4982	0.1	49.6	0.4	166.9019	0.6	37730	40	23616.8131	0.1	1.9	0.6	3.0743	0.8	18.4	0.4	41.7421	0.6	16.8	0.2	189.3876	0.3	659.4	1.8	1199.9234	0.1	60.5	0.6	107.8559	0.8	5.7	0.4	15.5813	1.2	6.7	0.6	17.1807	0.6	
It.E1.1.20-40.04	TQ Powders	7/13/2018 1:56:50 PM	9.8119	0.1276	0.0041	6.6007	0.0099	25.65	0.05	1376.7475	0.00001	9.144	0.022	833.2111	0.0013	0.00896	0.00022	9.7626	0.0013	0.02016	0.00051	8.6120	0.00052	0.00320	0.00023	3.9565	0.00054	0.02533	0.00032	71.7496	0.00033	0.00192	0.00007	20.0692	0.00022	17250	20	18156.7596	0.1	47.5	0.5	161.5323	0.6	35130	40	23829.6461	0.1	2.6	0.6	4.5601	0.8	17.1	0.4	41.9800	0.5	16.1	0.2	200.4519	0.2	658.1	1.7	1346.6611	0.1	60.4	0.6	120.7587	0.8	5.4	0.4	16.2960	1.2	6.1	0.5	17.9914	0.5	
It.N.A.5.40-60.16	TQ Powders	7/13/2018 1:42:19 PM	11.0399	0.0811	0.0029	5.8938	0.011	23.78	0.05	1246.3845	0.00001	10.78	0.02	1001.7099	0.0014	0.01236	0.00034	8.7212	0.0014	0.02040	0.00054	8.6631	0.00059	0.00424	0.00025	4.7396	0.00058	0.02325	0.00030	66.1608	0.00032	0.00060	0.00002	18.0666	0.00021	15040	10	16011.1755	0.1	73.3	0.5	254.3958	0.4	53470	50	34607.0098	0.1	5.9	0.7	8.8759	0.9	22.3	0.5	47.2146	0.7	18.1	0.2	189.9680	0.3	615.0	1.8	1069.6712	0.1	56.8	0.6	97.5678	0.9	6.8	0.4	17.4136	1.2	8.0	0.7	19.4653	0.7	
It.N.B.5.40-60.16	TQ Powders	7/13/2018 1:17:37 PM	11.2958	0.1141	0.0039	6.3057	0.011	24.33	0.05	1246.5383	0.00001	11.04	0.02	1002.6338	0.0014	0.00828	0.00025	7.8906	0.0015	0.02098	0.00055	8.6951	0.00060	0.00417	0.00027	4.6151	0.00058	0.02503	0.00031	69.5470	0.00032	0.00111	0.00004	20.4436	0.00022	15140	10	15742.1777	0.1	73.7	0.5	249.9220	0.4	54850	50	34709.7098	0.1	3.8	0.7	5.5239	1.0	23.3	0.5	48.3469	0.7	17.9	0.2	184.2015	0.3	623.2	1.9	1064.0754	0.1	58.0	0.6	97.8586	0.9	6.3	0.4	16.0605	1.3	7.8	0.7	18.5570	0.7	
It.E1.L.5.60-100.16	TQ Powders	7/13/2018 1:02:58 PM	10.3583	0.0959	0.0032	6.1005	0.011	25.71	0.05	1349.8699	0.00001	9.086	0.022	823.8119	0.0014	0.00780	0.00020	9.3748	0.0013	0.01686	0.00049	7.2042	0.00056	0.00555	0.00026	5.7527	0.00054	0.02345	0.00031	67.1885	0.00033	0.00107	0.00004	17.9141	0.00022	16580	20	17757.0852	0.1	55.5	0.5	192.6539	0.6	43760	40	28382.4491	0.1	5.1	0.6	7.9857	0.9	20.6	0.5	46.3752	0.6	17.8	0.2	198.4748	0.3	724.7	1.9	1319.1439	0.1	64.3	0.7	114.8028	0.9	6.7	0.4	17.8394	1.3	5.8	0.6	14.9877	0.6	
It.E1.E.5.60-100.16	TQ Powders	7/13/2018 12:48:28 PM	10.2501	0.1220	0.0040	6.5118	0.010	25.44	0.05	1377.6869	0.00001	8.949	0.021	831.1761	0.0014	0.00700	0.00018	9.1610	0.0013	0.01492	0.00047	6.5623	0.00056	0.00177	0.00017	2.9080	0.00054	0.02368	0.00031	69.2608	0.00032	0.00083	0.00003	17.1959	0.00022	16580	20	18110.5926	0.1	55.8	0.5	197.0501	0.4	44060	40	29185.3661	0.1	3.3	0.7	5.2800	0.8	20.1	0.5	45.9395	0.6	17.8	0.2	201.2372	0.3	704.5	1.9	1303.4166	0.1	63.7	0.7	115.6234	0.9	7.5	0.4	19.7167	1.3	7.1	0.6	18.3454	0.6	
It.E2.3.20-40.16	TQ Powders	7/13/2018 12:33:58 PM	12.3848	0.0969	0.0036	6.0866	0.012	22.47	0.05	1163.6354	0.00080	9.398	0.022	890.0280	0.0019	0.02779	0.00070	10.8253	0.0015	0.02817	0.00063	12.2338	0.00065	0.00225	0.00021	3.2768	0.00062	0.02084	0.00029	61.1215	0.00031	0.00404	0.00008	41.0079	0.00021	14690	10	16103.5653	0.1	105.6	0.6	376.3682	0.4	75110	70	49262.7857	0.1	8.2	0.8	10.9867	1.1	19.6	0.6	37.3689	0.8	15.4	0.2	144.6865	0.3	576.5	1.9	914.8063	0.1	53.5	0.7	84.3813	0.9	7.1	0.4	16.9940	1.3	12.0	0.9	25.9737	0.8	
It.E2.2.60-100.16	TQ Powders	7/13/2018 12:19:19 PM	12.2078	0.0554	0.0022	5.5525	0.012	22.12	0.05	1177.9829	0.00075	8.497	0.021	826.1552	0.0019	0.02745	0.00067	11.2879	0.0015	0.02546	0.00061	11.4564	0.00064	0.00220	0.00021	3.3050	0.00060	0.02367	0.00030	71.7885	0.00031	0.01176	0.00014	81.6399	0.00021	14930	10	16930.7003	0.1	103.7	0.5	381.1248	0.4	75370	70	50858.6297	0.1	7.0	0.8	9.5460	1.1	18.4	0.6	35.6078	0.8	16.6	0.2	157.5733	0.3	602.8	1.9	970.5368	0.1	53.1	0.7	85.3506	0.9	6.6	0.4	16.0807	1.3	11.8	0.9	25.8042	0.8	
It.E2.1.60-100.16	TQ Powders	7/13/2018 12:04:42 PM	13.2571	0.0810	0.0031	5.7474	0.013	24.63	0.05	1131.9734	0.00001	9.514	0.024	803.0573	0.0020	0.02577	0.00068	9.7255	0.0016	0.02200	0.00061	8.6844	0.00070	0.00289	0.00023	3.5736	0.00065	0.02111	0.00030	56.2917	0.00033	0.00137	0.00004	26.0929	0.00022	15850	20	15823.2518	0.1	105.5	0.6	343.5114	0.4	77730	70	46191.9578	0.1	7.3	0.8	9.1338	1.2	19.4	0.6	34.2448	0.8	16.6	0.2	144.0668	0.3	596.4	1.9	875.3943	0.1	53.4	0.7	78.3361	1.0	7.3	0.5	16.1744	1.3	10.3	0.9	20.6526	0.8	
It.E2.4.40-60.16	TQ Powders	7/13/2018 11:50:03 AM	12.4027	0.0740	0.0029	5.8280	0.012	22.15	0.05	1201.1758	0.00082	8.531	0.021	840.1599	0.0019	0.02605	0.00066	11.0330	0.0015	0.02576	0.00061	11.6704	0.00065	0.00269	0.00022	3.7163	0.00060	0.01958	0.00028	59.9029	0.00032	0.00100	0.00003	28.0658	0.00021	15230	10	17368.5941	0.1	113.3	0.6	417.7713	0.4	78630	70	53404.7572	0.1	8.2	0.8	11.0547	1.2	26.3	0.6	50.2603	0.8	16.4	0.2	154.2581	0.3	606.4	1.9	969.2380	0.1	55.2	0.7	87.4548	0.9	6.7	0.4	16.2336	1.3	12.0	0.9	26.0502	0.8	
It.E2.3.40-60.16	TQ Powders	7/13/2018 11:35:25 AM	12.4377	0.0518	0.0021	5.5023	0.012	22.33	0.05	1187.3811	0.00080	8.745	0.021	846.9623	0.0019	0.02454	0.00064	10.5621	0.0015	0.02069	0.00057	9.2701	0.00067	0.00164	0.00018	2.8393	0.00061	0.02137	0.00029	64.3227	0.00032	0.00242	0.00005	34.5336	0.00021	15210	10	17094.5817	0.1	107.9	0.6	392.3461	0.4	77660	70	51980.9140	0.1	7.2	0.8	9.6128	1.1	18.6	0.6	35.4382	0.8	16.0	0.2	150.0456	0.3	599.6	1.9	953.5378	0.1	55.0	0.7	86.8642	0.9	7.3	0.4	17.4352	1.3	11.3	0.9	24.4768	0.8	
It.E2.2.40-60.16	TQ Powders	7/13/2018 11:20:47 AM	12.1927	0.0654	0.0026	5.6898	0.012	22.12	0.05	1176.6803	0.00084	8.706	0.021	845.0562	0.0019	0.02537	0.00065	10.8052	0.0015	0.02695	0.00061	12.0545	0.00065	0.00189	0.00019	3.0477	0.00061	0.02125	0.00029	64.2485	0.00031	0.00535	0.00009	48.8157	0.00021	14780	10	16693.3851	0.1	101.9	0.5	373.4042	0.4	74900	70	50431.2829	0.1	6.7	0.8	9.1275	1.1	18.9	0.5	36.5528	0.8	15.1	0.2	143.4729	0.3	598.5	1.9	963.7425	0.1	52.2	0.6	83.3951	0.9	7.7	0.5	18.2772	1.3	11.4	0.9	25.1862	0.8	
It.E2.1.40-60.16	TQ Powders	7/13/2018 11:06:09 AM	12.3278	0.0941	0.0035	6.0818	0.012	22.29	0.05	1185.2103	0.00071	8.815	0.021	853.6796	0.0019	0.02540	0.00064	10.9007	0.0015	0.02327	0.00059	10.3912	0.00065	0.00272	0.00022	3.7065	0.00060	0.02052	0.00029	61.7582	0.00032	0.00218	0.00005	32.9038	0.00021	15120	10	16989.3313	0.1	102.6	0.5	373.4773	0.4	76130	70	50989.4279	0.1	6.6	0.8	8.8823	1.1	19.2	0.6	36.9309	0.8	17.5	0.2	165.4167	0.3	614.0	1.9	982.6408	0.1	54.7	0.7	86.7753	0.9	7.8	0.5	18.3210	1.3	11.3	0.9	24.7303	0.8	
It.E2.4.20-40.16	TQ Powders	7/13/2018 10:51:30 AM	13.3459	0.0702	0.0027	5.6180	0.014	23.97	0.05	1100.2948	0.0010	9.301	0.023	793.1763	0.0021	0.02884	0.00073	10.4340	0.0016	0.03436	0.00071	13.6105	0.00067	0.00205	0.00020	2.9963	0.00066	0.02200	0.00030	59.3705	0.00033	0.00260	0.00006	32.4880	0.00022	15430	10	15606.9574	0.1	107.6	0.6	355.0772	0.4	80490	70	48272.4195	0.1	3.7	0.8	4.5747	1.2	18.1	0.6	31.8304	0.8	16.5	0.2	141.8837	0.3	613.8	2.0	894.5968	0.1	54.7	0.7	79.5115	1.0	5.1	0.4	12.2307	1.3	11.1	0.9	21.9942	0.8	
It.E2.3.60-100.16	TQ Powders	7/13/2018 10:36:52 AM	12.7344	0.0521	0.0020	5.4430	0.013	23.90	0.05	1160.9524	0.00028	9.097	0.023	808.9228	0.0020	0.02556	0.00068	9.9435	0.0016	0.02207	0.00060	9.1639	0.00068	0.00238	0.00021	3.2956	0.00063	0.02247	0.00030	62.9223	0.00033	0.00351	0.00007	36.7151	0.00022	15610	10	16359.8615	0.1	107.1	0.6	365.0172	0.4	75290	70	46964.0083	0.1	4.6	0.8	6.0074	1.1	17.7	0.6	32.6825	0.8	16.5	0.2	149.2484	0.3	573.3	1.9	878.4237	0.1	53.7	0.7	81.8342	1.0	6.3	0.4	14.9791	1.3	10.3	0.9	21.5909	0.8	
