McMahon_6-27-18
Element	Method	Eval Date	Mass coefficient.	Mg	Mg	Mg	Mg	Al	Al	Al	Al	Si	Si	Si	Si	P	P	P	P	S	S	S	S	Cl	Cl	Cl	Cl	K	K	K	K	Ca	Ca	Ca	Ca	Ti	Ti	Ti	Ti	Mn	Mn	Mn	Mn	Fe	Fe	Fe	Fe	Cu	Cu	Cu	Cu	Zn	Zn	Zn	Zn	Sr	Sr	Sr	Sr	Zr	Zr	Zr	Zr	Nb	Nb	Nb	Nb	Mo	Mo	Mo	Mo	Pb	Pb	Pb	Pb	
Dimension			cm²/g	%	Abs. Error ( %)	Norm. Int.	%	%	Abs. Error ( %)	Norm. Int.	%	%	Abs. Error ( %)	Norm. Int.	%	%	Abs. Error ( %)	Norm. Int.	%	%	Abs. Error ( %)	Norm. Int.	%	%	Abs. Error ( %)	Norm. Int.	%	%	Abs. Error ( %)	Norm. Int.	%	%	Abs. Error ( %)	Norm. Int.	%	µg/g	Abs. Error ( µg/g)	Norm. Int.	µg/g	µg/g	Abs. Error ( µg/g)	Norm. Int.	µg/g	µg/g	Abs. Error ( µg/g)	Norm. Int.	µg/g	µg/g	Abs. Error ( µg/g)	Norm. Int.	µg/g	µg/g	Abs. Error ( µg/g)	Norm. Int.	µg/g	µg/g	Abs. Error ( µg/g)	Norm. Int.	µg/g	µg/g	Abs. Error ( µg/g)	Norm. Int.	µg/g	µg/g	Abs. Error ( µg/g)	Norm. Int.	µg/g	µg/g	Abs. Error ( µg/g)	Norm. Int.	µg/g	µg/g	Abs. Error ( µg/g)	Norm. Int.	µg/g	
JP.E1.1.0-10.04	TQ Powders	7/19/2018 6:51:29 PM	9.1058	< 0.0020	(0.0)	4.7123	0.0020	13.09	0.03	718.1619	0.0065	26.75	0.04	2747.3521	0.00001	0.02493	0.00080	6.8989	0.0016	0.02651	0.00057	9.6813	0.00048	0.00653	0.00033	5.7644	0.00061	0.02362	0.00027	56.6677	0.00020	0.00314	0.00009	16.8426	0.00016	3037	5	2720.2295	0.1	63.1	0.4	193.3106	0.4	16830	20	10417.1536	0.1	1.0	0.5	1.9010	0.7	6.8	0.3	17.4650	0.5	1.0	0.1	13.5003	0.2	217.4	1.0	469.5503	0.4	7.4	0.3	18.1620	0.7	0.8	0.1	5.0295	0.7	2.7	0.3	8.6003	0.4	
JP.E1.3.60-100.04	TQ Powders	7/19/2018 6:37:41 PM	9.2185	< 0.010	(0.0)	4.8180	0.010	16.91	0.04	886.3593	0.0045	21.75	0.03	2075.4173	0.00001	0.00887	0.00036	4.8624	0.0015	0.01085	0.00043	4.0673	0.00054	0.00452	0.00025	4.4854	0.00059	0.02269	0.00027	54.8639	0.00022	0.00221	0.00007	13.7655	0.00017	3941	6	3555.1748	0.1	87.9	0.5	270.2839	0.4	19020	20	11802.3686	0.1	2.3	0.5	4.1541	0.7	7.7	0.3	19.5398	0.5	1.2	0.1	15.6113	0.2	265.7	1.1	566.4696	0.3	9.8	0.3	22.9560	0.7	1.9	0.2	7.7624	0.9	3.7	0.3	11.3751	0.5	
JP.E1.4.40-60.04	TQ Powders	7/19/2018 6:23:52 PM	9.3025	< 0.011	(0.0052)	4.8689	0.011	15.90	0.04	855.5870	0.0051	23.53	0.03	2316.4027	0.00001	0.00636	0.00025	5.0473	0.0015	0.01204	0.00045	4.4801	0.00054	0.00440	0.00025	4.4068	0.00059	0.02119	0.00026	51.3822	0.00022	0.00202	0.00007	13.3526	0.00016	3908	6	3535.3788	0.1	77.4	0.5	238.4181	0.4	20240	20	12587.8488	0.1	1.9	0.5	3.4575	0.7	7.4	0.3	18.7897	0.5	1.2	0.1	15.5380	0.2	313.3	1.2	664.9088	0.1	11.2	0.3	25.7005	0.7	2.8	0.3	10.0461	0.9	2.9	0.3	8.7980	0.5	
JP.E1.2.60-100.04	TQ Powders	7/19/2018 6:10:03 PM	9.0672	< 0.0020	(0.0)	3.9504	0.0020	13.43	0.03	700.5370	0.0054	24.55	0.03	2378.1298	0.00001	0.00760	0.00032	4.4301	0.0015	0.01007	0.00042	3.6077	0.00051	0.00875	0.00032	7.0440	0.00057	0.01548	0.00022	36.1258	0.00020	0.00101	0.00005	7.1722	0.00015	2442	4	2106.9918	0.1	45.5	0.4	134.2743	0.4	13290	20	7947.3583	0.1	< 0.8	(0.8)	1.4256	0.8	6.4	0.3	16.3891	0.5	0.9	0.1	12.2121	0.2	249.1	1.1	534.5229	0.3	6.4	0.3	16.2372	0.7	1.8	0.2	7.7221	0.8	1.6	0.3	5.1640	0.4	
JP.E1.3.40-60.04	TQ Powders	7/19/2018 5:56:15 PM	9.1975	0.0447	0.0016	5.4227	0.010	16.35	0.04	846.5502	0.0045	21.79	0.03	2063.7628	0.00001	0.01486	0.00058	4.9214	0.0015	0.01275	0.00045	4.6944	0.00052	0.00257	0.00021	3.1906	0.00058	0.02291	0.00027	54.8075	0.00021	0.00170	0.00007	11.2933	0.00016	3619	5	3228.0180	0.1	70.3	0.4	213.8918	0.4	17890	20	10993.6258	0.1	1.8	0.5	3.3244	0.7	5.6	0.3	14.1718	0.5	1.0	0.1	12.9010	0.2	194.4	0.9	414.5026	0.4	8.4	0.3	20.0896	0.7	1.4	0.2	6.5748	0.8	2.7	0.3	8.4075	0.5	
JP.E1.1.60-100.04	TQ Powders	7/19/2018 5:42:26 PM	9.3953	< 0.0020	(0.0)	4.7621	0.0020	15.53	0.04	813.9574	0.0051	23.02	0.03	2200.9369	0.00001	0.00663	0.00027	4.6895	0.0015	0.00981	0.00041	3.5763	0.00053	0.00224	0.00019	2.9519	0.00058	0.02163	0.00026	50.6654	0.00021	0.00109	0.00005	8.7233	0.00016	3395	5	2952.6488	0.1	63.7	0.4	188.9293	0.4	18190	20	10903.3162	0.1	1.4	0.5	2.4471	0.7	6.4	0.3	15.9915	0.5	0.9	0.1	11.6009	0.2	287.5	1.1	602.3463	0.2	9.7	0.3	22.4574	0.7	3.3	0.3	11.2833	0.9	2.9	0.3	8.6705	0.5	
JP.E1.2.40-60.04	TQ Powders	7/19/2018 5:28:36 PM	9.3828	0.02170	0.00083	5.0956	0.010	17.48	0.04	902.8205	0.0037	20.25	0.03	1909.3609	0.00001	0.01066	0.00039	5.5930	0.0015	0.01339	0.00045	5.0541	0.00054	0.00338	0.00023	3.7691	0.00058	0.02637	0.00029	64.6217	0.00022	0.00117	0.00005	10.6733	0.00017	4406	6	4040.7774	0.1	83.9	0.5	261.8175	0.4	22750	30	14296.3561	0.1	1.2	0.5	2.2144	0.7	9.1	0.3	22.6946	0.5	1.5	0.1	19.0560	0.2	302.8	1.2	635.9623	0.1	11.2	0.3	25.7194	0.7	2.4	0.3	9.1401	0.9	3.9	0.3	11.8099	0.5	
JP.E1.1.40-60.04	TQ Powders	7/19/2018 5:14:48 PM	9.3943	0.0487	0.0018	5.4739	0.010	17.58	0.04	904.9293	0.0036	20.33	0.03	1899.0103	0.00001	< 0.00030	(0.0)	4.9803	0.00030	0.01293	0.00045	4.8094	0.00052	0.00280	0.00021	3.3539	0.00057	0.02350	0.00027	56.7331	0.00022	0.00182	0.00007	12.7088	0.00017	4481	6	4034.5323	0.1	79.7	0.5	244.1700	0.4	21130	20	13045.4010	0.1	1.5	0.5	2.6779	0.7	8.4	0.3	20.9391	0.5	1.4	0.1	18.6010	0.2	467.5	1.5	976.9103	0.1	11.2	0.3	25.4308	0.7	2.6	0.3	9.4537	1.0	3.4	0.3	10.1451	0.5	
JP.E1.4.20-40.04	TQ Powders	7/19/2018 5:00:57 PM	9.3367	0.01806	0.00068	5.0454	0.010	17.05	0.04	867.8346	0.0037	20.52	0.03	1899.3665	0.00001	0.00697	0.00024	5.8627	0.0014	0.01551	0.00047	5.6490	0.00051	0.00343	0.00023	3.7345	0.00058	0.02075	0.00026	49.2920	0.00022	0.00139	0.00006	10.1926	0.00016	3947	6	3485.4280	0.1	73.4	0.4	220.7531	0.4	18790	20	11409.5016	0.1	1.1	0.5	1.9403	0.7	6.3	0.3	15.6343	0.5	1.1	0.1	14.2019	0.2	375.3	1.3	787.4671	0.1	10.9	0.3	24.8472	0.7	3.6	0.3	12.1041	0.9	2.6	0.3	7.8324	0.5	
JP.E1.3.20-40.04	TQ Powders	7/19/2018 4:47:08 PM	9.2975	< 0.010	(0.0024)	4.8275	0.010	16.73	0.04	851.0693	0.0038	20.69	0.03	1920.7396	0.00001	0.00816	0.00029	5.6615	0.0014	0.01500	0.00046	5.6457	0.00051	0.00296	0.00022	3.4334	0.00059	0.02384	0.00027	56.6159	0.00022	0.00327	0.00009	17.5215	0.00017	3942	6	3488.6010	0.1	117.8	0.5	354.8355	0.4	18370	20	11180.0037	0.1	1.1	0.5	2.0129	0.7	6.5	0.3	16.2455	0.5	1.3	0.1	17.3943	0.2	342.1	1.2	720.9561	0.1	9.9	0.3	22.9097	0.7	1.9	0.2	7.9293	0.9	8.3	0.4	25.0393	0.5	
JP.E1.2.20-40.04	TQ Powders	7/19/2018 4:33:19 PM	9.0844	< 0.010	(0.0070)	4.8895	0.010	16.71	0.04	839.6655	0.0031	20.03	0.03	1850.9010	0.00001	0.01601	0.00057	5.5230	0.0014	0.01571	0.00047	5.7739	0.00050	0.00311	0.00022	3.5503	0.00058	0.02856	0.00029	68.5182	0.00020	0.00975	0.00014	43.3379	0.00016	3504	5	3144.3489	0.1	62.7	0.4	192.1893	0.4	17160	20	10609.5154	0.1	< 0.8	(0.8)	1.4949	0.8	6.1	0.3	15.6912	0.5	1.1	0.1	14.4302	0.2	224.9	1.0	480.2876	0.4	7.1	0.3	17.5959	0.7	1.5	0.2	6.9339	0.8	2.4	0.3	7.5151	0.4	
JP.E1.1.20-40.04	TQ Powders	7/19/2018 4:19:32 PM	9.2011	< 0.0020	(0.0)	3.5891	0.0020	15.00	0.04	757.7082	0.0047	21.80	0.03	2036.8608	0.00001	0.00732	0.00031	4.3794	0.0015	0.01093	0.00049	3.9452	0.00050	0.00311	0.00022	3.5048	0.00058	0.02001	0.00025	46.9763	0.00021	0.00297	0.00009	15.5636	0.00016	3016	5	2631.4075	0.1	56.7	0.4	168.9163	0.4	16140	20	9726.4018	0.1	< 0.5	(0.5)	0.8224	0.5	5.9	0.3	15.0139	0.5	1.0	0.1	12.7774	0.2	250.7	1.1	531.4873	0.3	8.0	0.3	19.1137	0.7	2.8	0.2	9.9581	0.8	1.9	0.3	5.7869	0.4	
JP.E2.2.40-60.04	TQ Powders	7/19/2018 3:56:21 PM	8.8513	0.0707	0.0024	5.8007	0.0097	18.40	0.04	958.7533	0.0034	20.42	0.03	1898.1980	0.00001	0.01360	0.00048	5.4699	0.0014	0.01068	0.00042	3.9847	0.00050	0.00339	0.00022	3.7319	0.00058	0.02214	0.00027	53.2541	0.00023	0.00173	0.00008	10.1987	0.00017	4892	7	4383.2984	0.1	52.6	0.4	160.1409	0.4	12880	20	7933.2805	0.1	6.3	0.5	11.8372	0.7	7.0	0.3	18.4021	0.5	3.2	0.1	44.9751	0.2	245.3	1.0	539.0427	0.3	12.7	0.3	29.6722	0.7	3.0	0.3	10.7590	0.8	3.3	0.3	10.5242	0.4	
JP.E2.1.40-60.04	TQ Powders	7/19/2018 3:42:30 PM	8.8652	0.0792	0.0027	5.9591	0.010	17.56	0.04	952.0747	0.0047	22.53	0.03	2183.4297	0.00001	0.01476	0.00053	5.5945	0.0015	0.01612	0.00047	6.0031	0.00049	0.01138	0.00035	9.0077	0.00058	0.02990	0.00031	72.5678	0.00023	0.00253	0.00009	13.6657	0.00018	5878	7	5330.1073	0.1	66.6	0.4	204.4333	0.4	13390	20	8316.9211	0.1	6.3	0.5	11.7840	0.7	9.8	0.3	25.8923	0.5	3.6	0.1	50.1911	0.2	237.8	1.0	524.5069	0.3	13.6	0.3	31.6874	0.7	1.8	0.2	7.8456	0.8	2.7	0.3	8.7187	0.4	
JP.E2.4.20-40.04	TQ Powders	7/19/2018 3:28:41 PM	8.9285	0.0363	0.0013	5.3267	0.0099	15.66	0.04	829.8441	0.0050	23.39	0.03	2243.3270	0.00001	0.02673	0.00089	6.0881	0.0015	0.01642	0.00046	5.9793	0.00046	0.00483	0.00025	4.6026	0.00057	0.02466	0.00028	57.6927	0.00023	0.00494	0.00012	21.7530	0.00018	5382	7	4672.0748	0.1	58.6	0.4	172.2417	0.4	10370	20	6187.1591	0.1	4.9	0.5	9.0385	0.7	9.0	0.3	23.4863	0.5	2.3	0.1	31.5656	0.2	135.0	0.8	294.1588	0.5	7.7	0.3	19.0004	0.7	1.5	0.2	6.8948	0.7	4.0	0.3	12.7864	0.4	
JP.E2.3.20-40.04	TQ Powders	7/19/2018 3:14:53 PM	8.8245	0.0547	0.0019	5.5914	0.010	16.33	0.04	877.1864	0.0049	23.28	0.03	2262.6337	0.00001	0.01064	0.00037	5.8230	0.0015	0.01435	0.00044	5.4006	0.00049	0.00517	0.00027	4.8874	0.00059	0.02849	0.00030	68.2756	0.00022	0.00438	0.00011	20.5830	0.00018	4540	6	4064.6209	0.1	60.2	0.4	183.3349	0.4	12210	20	7526.4045	0.1	6.7	0.5	12.5207	0.7	8.7	0.3	23.0102	0.5	3.2	0.1	45.1008	0.2	307.8	1.2	677.7537	0.1	12.4	0.3	29.0890	0.7	2.6	0.3	9.9013	0.9	6.0	0.3	19.1297	0.4	
JP.E2.2.20-40.04	TQ Powders	7/19/2018 3:01:03 PM	8.8864	0.0557	0.0020	5.5946	0.0097	17.19	0.04	902.0056	0.0036	21.62	0.03	2041.1262	0.00001	0.01687	0.00059	5.6758	0.0014	0.01491	0.00046	5.4511	0.00049	0.00765	0.00030	6.4745	0.00057	0.02410	0.00028	57.5356	0.00022	0.00298	0.00010	14.9955	0.00017	4861	7	4323.1065	0.1	58.7	0.4	177.1522	0.4	12530	20	7664.0880	0.1	4.4	0.5	8.1894	0.7	8.9	0.3	23.4413	0.5	2.8	0.1	38.4518	0.2	221.4	1.0	484.8001	0.4	10.8	0.3	25.3866	0.7	1.6	0.2	7.0849	0.8	1.9	0.3	6.1672	0.4	
JP.E2.1.20-40.04	TQ Powders	7/19/2018 2:47:14 PM	8.9645	0.0423	0.0016	5.4088	0.010	17.13	0.04	908.5138	0.0048	22.13	0.03	2110.9626	0.00001	0.02434	0.00075	6.6678	0.0014	0.01714	0.00047	6.3421	0.00048	0.00519	0.00026	4.8952	0.00058	0.02475	0.00029	59.2607	0.00023	0.00284	0.00010	14.6766	0.00018	5700	7	5080.4406	0.1	77.5	0.5	233.8475	0.5	13310	20	8134.0153	0.1	6.0	0.5	11.0890	0.7	9.2	0.3	23.9389	0.5	3.0	0.1	41.1359	0.2	203.8	1.0	445.0667	0.4	12.0	0.3	28.1206	0.7	3.0	0.2	10.7230	0.8	4.1	0.3	12.8198	0.4	
JP.E1.4.60-100.04	TQ Powders	7/19/2018 2:33:26 PM	9.0688	< 0.011	(0.0)	4.8210	0.011	16.35	0.04	863.0740	0.0050	22.19	0.03	2150.5122	0.00001	0.00793	0.00033	4.6401	0.0015	0.01124	0.00044	4.2116	0.00054	0.00286	0.00022	3.4214	0.00060	0.01988	0.00025	48.8620	0.00021	0.00166	0.00006	11.6642	0.00016	3664	5	3363.9791	0.1	75.0	0.4	234.9349	0.4	18730	20	11839.3178	0.1	2.3	0.5	4.2694	0.7	6.4	0.3	16.5504	0.5	1.3	0.1	17.5635	0.2	255.7	1.1	552.7418	0.3	9.8	0.3	23.1523	0.7	2.0	0.2	8.2153	0.8	2.3	0.3	7.1639	0.5	
BO.P.2.20-40.16	TQ Powders	7/19/2018 2:19:35 PM	12.4797	< 0.013	(0.0067)	4.8827	0.013	17.80	0.04	902.2663	0.0018	17.79	0.03	1731.9236	0.00001	0.01462	0.00054	6.9466	0.0017	0.03207	0.00068	12.6724	0.00066	0.00106	0.00013	2.2826	0.00064	0.01891	0.00027	50.6157	0.00028	0.00487	0.00009	39.8788	0.00019	9722	10	9757.1258	0.1	93.7	0.5	312.9652	0.4	70520	60	43872.5274	0.1	21.0	0.9	27.9211	1.1	24.6	0.6	46.4680	0.7	5.6	0.2	52.0361	0.3	463.5	1.7	730.0652	0.1	30.4	0.5	49.2255	0.9	3.7	0.3	10.2687	1.2	8.7	0.5	18.6141	0.7	
BO.P.3.20-40.16	TQ Powders	7/19/2018 2:05:40 PM	11.9498	0.0543	0.0021	5.4773	0.013	17.75	0.04	878.2058	0.0017	18.76	0.03	1785.3633	0.00001	0.01440	0.00048	7.5161	0.0017	0.02895	0.00065	11.2379	0.00063	0.00167	0.00018	2.6851	0.00064	0.01973	0.00027	51.5439	0.00028	0.01091	0.00014	62.9007	0.00019	9704	10	9515.2771	0.1	98.4	0.5	322.0295	0.4	60880	60	37108.2463	0.1	19.0	0.8	26.2172	1.0	24.6	0.5	48.2342	0.7	5.5	0.2	53.0466	0.3	519.5	1.7	839.7642	0.1	28.9	0.5	47.8692	0.9	2.4	0.3	7.8804	1.2	10.0	0.5	22.0293	0.7	
BO.P.4.20-40.16	TQ Powders	7/19/2018 1:51:46 PM	11.7573	0.0544	0.0021	5.4990	0.012	17.40	0.04	884.6193	0.0016	18.58	0.03	1812.3865	0.00001	0.01303	0.00042	7.8938	0.0017	0.02838	0.00064	11.2230	0.00063	0.00092	0.00012	2.1802	0.00063	0.02166	0.00028	57.6042	0.00028	0.02750	0.00021	137.6615	0.00019	9692	10	9678.6469	0.1	106.1	0.5	353.3471	0.4	59990	60	37289.5031	0.1	18.3	0.8	25.7118	1.0	27.9	0.6	55.4995	0.7	6.2	0.2	61.5458	0.3	566.3	1.8	932.2617	0.1	30.6	0.5	51.6335	0.9	4.6	0.4	12.3763	1.3	9.1	0.5	20.4537	0.7	
BO.P.1.60-100.16	TQ Powders	7/19/2018 1:37:50 PM	12.2513	0.01450	0.00061	4.9794	0.013	17.79	0.04	891.2910	0.0018	18.08	0.03	1739.7277	0.00001	0.01273	0.00046	6.8768	0.0017	0.03489	0.00070	13.6278	0.00064	0.00905	0.00035	7.9006	0.00064	0.01633	0.00026	43.3715	0.00029	0.00241	0.00006	27.5031	0.00019	10030	10	9965.9283	0.1	99.1	0.5	327.9418	0.4	66260	60	40815.8754	0.1	20.3	0.8	27.3308	1.0	27.1	0.6	51.9873	0.7	5.4	0.2	50.8626	0.3	489.1	1.7	777.5674	0.1	29.9	0.5	48.6373	0.9	5.0	0.4	12.7330	1.2	8.1	0.5	17.6082	0.7	
BO.P.3.60-100.16	TQ Powders	7/19/2018 1:23:55 PM	12.0590	0.0314	0.0013	5.1858	0.013	18.34	0.04	898.9106	0.0016	18.62	0.03	1749.3919	0.00001	0.01491	0.00051	7.2441	0.0017	0.03577	0.00070	13.6649	0.00062	0.00064	0.00009	1.9684	0.00058	0.01608	0.00026	41.8254	0.00029	0.00125	0.00004	20.8094	0.00019	9935	10	9674.2394	0.1	94.0	0.5	305.5176	0.4	61660	60	37294.4712	0.1	18.3	0.8	24.9553	1.0	23.5	0.5	45.5314	0.7	5.2	0.2	50.4478	0.3	489.5	1.7	784.8459	0.1	29.9	0.5	49.1382	0.9	3.3	0.3	9.5853	1.2	7.2	0.5	15.8233	0.7	
BO.P.4.40-60.16	TQ Powders	7/19/2018 1:03:46 PM	11.8356	0.0611	0.0024	5.6018	0.012	17.51	0.04	905.9034	0.0016	18.23	0.03	1802.3693	0.00001	0.01446	0.00046	7.9638	0.0017	0.02723	0.00063	10.9702	0.00063	0.00180	0.00018	2.8218	0.00063	0.02032	0.00027	54.7444	0.00028	0.03211	0.00023	160.5591	0.00019	9958	10	10053.0444	0.1	97.8	0.5	328.6325	0.4	62050	60	38990.1091	0.1	20.5	0.8	28.7152	1.0	23.9	0.5	47.4219	0.7	6.3	0.2	61.9605	0.3	543.9	1.8	895.6957	0.1	30.7	0.5	51.5956	0.9	4.2	0.4	11.4764	1.2	11.8	0.5	26.4315	0.7	
BO.P.3.40-60.16	TQ Powders	7/19/2018 12:49:50 PM	11.9935	0.0381	0.0015	5.2907	0.013	17.75	0.04	902.9771	0.0017	18.21	0.03	1772.1534	0.00001	0.01464	0.00049	7.5841	0.0017	0.03060	0.00066	12.1046	0.00063	0.00077	0.00011	2.0738	0.00063	0.02001	0.00027	53.3495	0.00028	0.00719	0.00011	48.2794	0.00019	9778	10	9783.7753	0.1	98.2	0.5	327.3098	0.4	63400	60	39441.5187	0.1	19.7	0.8	27.1646	1.0	25.7	0.6	50.3560	0.7	5.5	0.2	53.1459	0.3	514.3	1.7	835.7723	0.1	30.9	0.5	51.1898	0.9	4.2	0.4	11.2890	1.2	9.6	0.5	21.1488	0.7	
BO.P.1.20-40.16	TQ Powders	7/19/2018 12:35:56 PM	12.0046	0.0438	0.0017	5.3637	0.013	17.76	0.04	904.3622	0.0017	18.36	0.03	1787.6810	0.00001	0.01544	0.00050	7.8956	0.0017	0.03154	0.00067	12.5061	0.00063	0.00302	0.00023	3.6688	0.00064	0.02065	0.00028	54.9176	0.00028	0.01026	0.00013	61.8125	0.00019	9759	10	9740.5923	0.1	101.8	0.5	338.4864	0.4	63300	60	39321.0447	0.1	19.5	0.8	26.9001	1.0	24.0	0.6	46.9040	0.7	4.8	0.2	46.2318	0.3	532.8	1.8	864.9454	0.1	30.5	0.5	50.5006	0.9	4.5	0.4	11.8811	1.2	12.2	0.5	26.9872	0.7	
BO.P.1.40-60.16	TQ Powders	7/19/2018 12:22:00 PM	12.1377	0.0562	0.0022	5.5423	0.012	17.77	0.04	925.1937	0.0017	17.70	0.03	1756.3518	0.00001	0.01601	0.00055	7.4824	0.0017	0.03163	0.00067	12.7923	0.00064	0.00144	0.00016	2.5669	0.00064	0.02004	0.00027	54.4084	0.00028	0.00533	0.00009	41.7363	0.00019	9657	10	9832.2392	0.1	95.9	0.5	325.1480	0.4	67250	60	42608.3996	0.1	19.7	0.8	26.9656	1.0	23.6	0.6	45.8080	0.7	5.3	0.2	50.6766	0.3	475.7	1.7	769.0204	0.1	29.9	0.5	49.1227	0.9	4.2	0.4	11.3828	1.2	12.4	0.5	27.3153	0.7	
It.E2.4.60-100.04	TQ Powders	7/19/2018 12:08:07 PM	12.7719	0.0905	0.0034	6.0082	0.012	22.92	0.05	1194.2868	0.00082	8.582	0.021	813.7172	0.0020	0.02545	0.00066	10.6110	0.0016	0.01950	0.00058	8.5950	0.00068	0.00098	0.00013	2.3014	0.00062	0.02050	0.00029	60.7120	0.00032	0.00051	0.00001	25.3833	0.00021	15570	10	17212.8574	0.1	100.6	0.5	359.7457	0.4	80780	70	53107.1991	0.1	4.9	0.8	6.3889	1.2	17.2	0.6	31.8439	0.8	15.6	0.2	141.8619	0.3	609.4	1.9	946.2443	0.1	55.1	0.7	85.0009	1.0	7.7	0.5	17.8716	1.3	11.0	0.9	23.2297	0.8	
It.E2.3.60-100.04	TQ Powders	7/19/2018 11:54:13 AM	12.6112	0.0769	0.0029	5.8194	0.012	22.88	0.05	1186.6106	0.00063	8.506	0.021	804.0126	0.0020	0.02496	0.00065	10.4275	0.0015	0.01959	0.00057	8.6483	0.00068	0.00193	0.00019	3.0445	0.00061	0.02058	0.00029	60.9545	0.00032	0.00128	0.00003	28.7023	0.00021	15340	10	16972.0471	0.1	97.9	0.5	350.8288	0.4	78770	70	51824.8923	0.1	4.7	0.8	6.2089	1.1	16.6	0.6	31.2013	0.8	15.4	0.2	141.4764	0.3	596.4	1.9	932.3975	0.1	54.0	0.7	83.8148	1.0	8.7	0.5	19.8301	1.3	11.7	0.9	24.9639	0.8	
It.E2.2.60-100.04	TQ Powders	7/19/2018 11:40:19 AM	12.6257	0.0756	0.0029	5.8145	0.012	22.69	0.05	1190.7778	0.00092	8.338	0.021	797.4200	0.0020	0.02426	0.00063	10.5961	0.0015	0.01994	0.00057	8.8878	0.00067	0.00234	0.00020	3.3948	0.00061	0.02005	0.00029	60.0821	0.00032	0.00098	0.00003	27.7085	0.00021	15440	10	17267.5420	0.1	101.2	0.5	366.1862	0.4	79850	70	53048.6757	0.1	5.7	0.8	7.5652	1.2	16.8	0.6	31.4403	0.8	14.4	0.2	133.0675	0.3	622.3	1.9	973.9251	0.1	53.9	0.7	84.0234	1.0	8.2	0.5	18.8159	1.3	11.5	0.9	24.4504	0.8	
It.E2.1.60-100.04	TQ Powders	7/19/2018 11:26:25 AM	12.8051	0.0944	0.0035	6.0360	0.013	23.21	0.05	1186.0084	0.00071	8.880	0.022	826.6194	0.0020	0.02726	0.00070	10.7084	0.0016	0.01967	0.00058	8.5517	0.00069	0.00252	0.00021	3.4738	0.00062	0.02028	0.00029	58.9555	0.00032	0.00057	0.00002	24.9627	0.00021	15380	10	16693.7495	0.1	101.8	0.5	358.3989	0.4	79800	70	51640.2535	0.1	5.4	0.8	7.0261	1.1	19.8	0.6	36.6207	0.8	15.2	0.2	137.6682	0.3	597.2	1.9	921.1793	0.1	54.6	0.7	83.9908	1.0	7.9	0.5	18.0006	1.3	13.0	0.9	27.2952	0.8	
It.E2.2.40-60.04	TQ Powders	7/19/2018 11:12:32 AM	12.5477	0.0948	0.0035	6.1103	0.012	22.24	0.05	1197.0060	0.00090	8.585	0.021	840.3802	0.0020	0.02569	0.00066	10.8409	0.0015	0.02135	0.00058	9.7046	0.00067	0.00116	0.00014	2.4688	0.00061	0.02065	0.00029	62.7538	0.00032	0.00094	0.00002	27.9487	0.00021	15380	10	17431.8492	0.1	102.1	0.5	374.0203	0.4	80070	70	54000.0349	0.1	4.4	0.8	5.8812	1.2	17.2	0.6	32.5425	0.8	15.3	0.2	141.9033	0.3	602.8	1.9	954.4318	0.1	55.2	0.7	86.8963	0.9	7.8	0.5	18.3464	1.3	14.3	0.9	30.7273	0.8	
It.E2.3.40-60.04	TQ Powders	7/19/2018 10:58:35 AM	12.4079	0.0592	0.0023	5.6123	0.012	21.98	0.05	1181.2463	0.00097	8.615	0.021	844.7805	0.0019	0.02597	0.00067	10.7437	0.0015	0.02040	0.00057	9.2647	0.00067	0.00284	0.00022	3.8259	0.00061	0.01997	0.00028	60.8580	0.00031	0.00119	0.00003	28.8867	0.00021	15190	10	17276.8871	0.1	98.5	0.5	362.1862	0.4	78470	70	53070.2196	0.1	5.2	0.8	7.0215	1.1	17.5	0.6	33.3306	0.8	15.0	0.2	141.0806	0.3	581.6	1.9	927.0120	0.1	55.0	0.7	86.6999	0.9	6.5	0.4	15.7102	1.3	12.1	0.9	26.3524	0.8	
It.E2.1.40-60.04	TQ Powders	7/19/2018 10:44:41 AM	12.5243	0.0817	0.0031	5.8822	0.012	22.44	0.05	1162.2065	0.00097	8.888	0.022	843.2986	0.0020	0.02688	0.00070	10.6066	0.0015	0.02694	0.00063	11.7608	0.00065	0.00325	0.00024	4.0792	0.00062	0.02167	0.00029	64.0689	0.00032	0.00059	0.00002	24.9214	0.00021	15100	10	16682.9797	0.1	100.2	0.5	359.3830	0.4	77560	70	51030.7414	0.1	4.0	0.8	5.3393	1.2	17.0	0.6	32.0781	0.8	14.9	0.2	138.2669	0.3	572.9	1.9	901.3083	0.1	52.9	0.7	82.7344	1.0	7.8	0.4	18.1265	1.3	10.4	0.9	22.4220	0.8	
It.E2.4.40-60.04	TQ Powders	7/19/2018 10:30:46 AM	12.4411	0.0682	0.0027	5.7226	0.012	21.99	0.05	1163.8423	0.0010	8.991	0.022	871.3203	0.0019	0.02344	0.00063	10.0814	0.0015	0.02270	0.00058	10.1535	0.00067	0.00078	0.00011	2.1541	0.00062	0.02126	0.00029	63.8432	0.00032	0.00240	0.00005	34.3555	0.00021	15030	10	16852.1081	0.1	97.9	0.5	355.9595	0.4	77660	70	51885.7914	0.1	4.6	0.8	6.2314	1.1	17.9	0.6	34.0729	0.8	15.2	0.2	141.6368	0.3	574.8	1.9	912.8856	0.1	52.4	0.7	82.8738	0.9	7.3	0.4	17.2499	1.3	12.9	0.9	27.9843	0.8	
It.E2.3.20-40.04	TQ Powders	7/17/2018 3:52:39 PM	12.3901	0.0549	0.0022	5.5450	0.012	22.00	0.05	1169.5365	0.00095	8.496	0.021	826.7432	0.0020	0.02580	0.00065	11.0036	0.0015	0.02525	0.00061	11.3313	0.00065	0.00321	0.00023	4.1192	0.00060	0.02158	0.00029	65.4945	0.00031	< 0.0010	(0.0)	21.4900	0.00100	15100	10	17120.7093	0.1	98.0	0.5	359.6186	0.4	77810	70	52410.4051	0.1	7.4	0.8	9.9326	1.1	17.4	0.6	33.3389	0.8	15.8	0.2	148.3841	0.3	617.3	1.9	980.2329	0.1	53.8	0.7	84.9506	1.0	7.6	0.5	17.9881	1.3	10.9	0.9	23.5935	0.8	
It.E2.2.20-40.04	TQ Powders	7/17/2018 3:38:43 PM	12.4415	0.0692	0.0027	5.7580	0.012	21.96	0.05	1187.4187	0.0010	8.441	0.021	832.1250	0.0020	0.02648	0.00068	11.0772	0.0015	0.02503	0.00061	11.3963	0.00066	0.00187	0.00019	3.0567	0.00061	0.02053	0.00029	62.9351	0.00031	< 0.0010	(0.0)	17.4528	0.00100	15170	10	17348.5601	0.1	100.7	0.5	372.3500	0.4	79430	70	54021.3088	0.1	8.1	0.8	10.9294	1.1	18.4	0.6	35.1716	0.7	15.3	0.2	143.3752	0.3	603.4	1.9	959.9229	0.1	53.9	0.7	85.2719	1.0	7.7	0.5	18.1865	1.3	13.1	0.9	28.3553	0.8	
It.E2.1.20-40.04	TQ Powders	7/17/2018 3:24:48 PM	12.6576	0.0452	0.0018	5.3887	0.013	22.60	0.05	1158.4623	0.00096	8.719	0.022	820.1727	0.0020	0.02820	0.00072	10.8887	0.0016	0.02167	0.00059	9.4733	0.00068	0.00147	0.00016	2.6764	0.00062	0.01978	0.00029	58.2828	0.00032	< 0.0010	(0.0)	17.2934	0.00100	15320	10	16853.3867	0.1	100.0	0.5	356.5659	0.4	78910	70	51562.6779	0.1	3.9	0.8	5.1314	1.1	18.2	0.6	34.0096	0.8	15.7	0.2	143.3649	0.3	586.4	1.9	911.2694	0.1	54.6	0.7	84.4749	1.0	9.4	0.5	21.0736	1.3	11.4	0.9	24.2172	0.8	
It.E2.4.20-40.04	TQ Powders	7/17/2018 3:10:53 PM	12.1390	0.0879	0.0033	6.0254	0.012	21.64	0.04	1177.3677	0.00092	9.109	0.022	903.7136	0.0018	0.02882	0.00071	11.3314	0.0015	0.02616	0.00061	11.8278	0.00064	0.00200	0.00020	3.1548	0.00060	0.02159	0.00029	65.9394	0.00031	< 0.0010	(0.0)	18.2663	0.00100	14630	10	16693.6954	0.1	94.5	0.5	349.7112	0.4	75300	70	51347.9971	0.1	4.8	0.8	6.6501	1.1	17.2	0.6	33.5380	0.8	15.0	0.2	143.7177	0.3	571.0	1.8	926.6254	0.1	52.3	0.7	84.1769	1.0	7.4	0.4	17.7910	1.3	10.7	0.8	23.8141	0.8	
It.E1.4.20-40.16	TQ Powders	7/17/2018 2:57:01 PM	10.0412	0.1212	0.0039	6.4790	0.010	25.58	0.05	1368.4458	0.00001	9.119	0.022	837.8004	0.0013	0.01084	0.00027	9.6603	0.0013	0.02551	0.00055	11.0046	0.00051	0.00232	0.00019	3.3177	0.00053	0.02427	0.00031	70.2801	0.00032	0.00152	0.00005	19.5647	0.00022	16110	20	17448.2432	0.1	52.0	0.5	182.7488	0.4	40600	40	26737.1842	0.1	2.3	0.6	3.7517	0.8	18.9	0.4	43.7885	0.6	16.1	0.2	185.3502	0.2	679.5	1.9	1267.0846	0.1	62.0	0.6	113.3189	0.9	6.3	0.4	17.2358	1.3	7.6	0.6	19.9781	0.6	
It.E1.3.20-40.16	TQ Powders	7/17/2018 2:43:11 PM	10.2438	0.1001	0.0034	6.1068	0.011	25.05	0.05	1271.5352	0.00001	9.568	0.022	854.1713	0.0013	0.01260	0.00032	9.4700	0.0013	0.02948	0.00059	12.3263	0.00051	0.00331	0.00023	4.0060	0.00055	0.02489	0.00031	70.1791	0.00032	0.00648	0.00012	42.5174	0.00021	15440	10	16322.1957	0.1	55.3	0.5	190.8807	0.4	41430	40	26529.7298	0.1	3.3	0.7	5.1901	0.8	19.7	0.5	44.5077	0.6	16.4	0.2	182.9142	0.3	657.6	1.8	1191.5320	0.1	59.0	0.6	104.8585	0.9	5.9	0.4	15.8948	1.2	7.6	0.6	19.4657	0.6	
It.E1.1.40-60.16	TQ Powders	7/17/2018 2:29:23 PM	10.2429	< 0.0020	(0.0)	4.6923	0.0020	24.41	0.05	1284.3019	0.00001	9.344	0.022	863.1103	0.0014	0.01207	0.00030	9.5820	0.0013	0.02382	0.00054	10.3082	0.00053	0.00767	0.00030	7.4500	0.00054	0.02728	0.00032	79.1366	0.00032	0.00239	0.00007	24.6227	0.00022	15730	10	17102.4107	0.1	56.8	0.5	200.6622	0.4	43900	40	28866.5115	0.1	3.2	0.7	5.1167	0.8	20.8	0.5	47.2246	0.6	18.3	0.2	205.3417	0.3	663.9	1.9	1214.8465	0.1	60.9	0.6	109.3463	0.9	6.4	0.4	17.2671	1.2	8.1	0.6	20.8040	0.6	
It.E1.1.20-40.16	TQ Powders	7/17/2018 2:15:35 PM	10.3441	0.0998	0.0034	6.1240	0.011	24.94	0.05	1285.6439	0.00001	9.660	0.022	872.8512	0.0013	0.01392	0.00035	9.4858	0.0013	0.02419	0.00055	10.2122	0.00053	0.01197	0.00034	10.5620	0.00054	0.03158	0.00034	89.4440	0.00031	0.00218	0.00007	22.9673	0.00022	15540	10	16524.3609	0.1	55.0	0.5	190.3716	0.4	43310	40	27924.7690	0.1	5.5	0.6	8.7000	0.8	21.0	0.5	47.0761	0.6	17.4	0.2	192.9468	0.3	636.1	1.8	1149.9413	0.1	59.0	0.6	104.5110	0.9	6.5	0.4	17.1853	1.2	7.4	0.6	18.7296	0.6	
It.E1.2.20-40.16	TQ Powders	7/17/2018 2:01:48 PM	10.2089	0.0769	0.0028	5.8570	0.011	23.86	0.05	1274.9367	0.00001	9.919	0.022	931.1028	0.0013	0.01717	0.00042	9.9788	0.0013	0.02812	0.00057	12.1806	0.00051	0.00519	0.00028	5.5550	0.00054	0.02908	0.00032	84.6678	0.00031	0.00597	0.00011	42.2712	0.00021	15120	10	16508.6588	0.1	59.5	0.5	211.6127	0.4	44120	40	29259.7779	0.1	2.6	0.7	4.1319	0.8	20.9	0.5	47.7667	0.6	17.4	0.2	196.2579	0.3	604.5	1.8	1115.3508	0.1	57.5	0.6	104.0496	0.8	6.2	0.4	16.8470	1.2	7.6	0.6	19.7631	0.6	
It.E1.2.40-60.16	TQ Powders	7/17/2018 1:47:59 PM	10.3844	0.1149	0.0039	6.3528	0.011	24.44	0.05	1281.9882	0.00001	9.987	0.023	919.1359	0.0013	0.01469	0.00037	9.5627	0.0013	0.02671	0.00057	11.3620	0.00053	0.00679	0.00031	6.7046	0.00055	0.02798	0.00032	80.0651	0.00031	0.00448	0.00010	34.5815	0.00022	15340	10	16455.2958	0.1	60.4	0.5	210.9490	0.4	44830	40	29217.5003	0.1	4.2	0.7	6.6234	0.9	22.1	0.5	49.4669	0.6	18.5	0.2	205.2205	0.3	622.8	1.8	1133.6070	0.1	58.7	0.6	104.9738	0.9	6.4	0.4	17.0452	1.2	7.2	0.6	18.3764	0.6	
It.E1.3.40-60.16	TQ Powders	7/17/2018 1:34:08 PM	10.0898	0.1215	0.0039	6.4449	0.010	24.85	0.05	1305.1239	0.00001	9.472	0.022	867.4989	0.0013	0.00644	0.00017	8.7185	0.0013	0.02281	0.00054	9.7688	0.00053	0.00286	0.00021	3.7161	0.00054	0.02346	0.00030	67.5848	0.00032	0.00209	0.00006	22.3690	0.00021	15540	10	16764.1073	0.1	54.0	0.5	189.7903	0.4	41190	40	26973.2699	0.1	3.8	0.6	6.0758	0.8	20.0	0.5	46.1142	0.6	16.5	0.2	188.0746	0.3	677.0	1.9	1251.4080	0.1	62.3	0.6	112.4200	0.8	7.1	0.4	18.8519	1.2	6.5	0.6	17.0215	0.6	
It.E1.4.40-60.16	TQ Powders	7/17/2018 1:20:21 PM	10.1872	0.1149	0.0038	6.3337	0.011	26.03	0.05	1345.9399	0.00001	9.214	0.022	822.4893	0.0014	0.01041	0.00026	9.2616	0.0013	0.01940	0.00051	8.1727	0.00054	0.00192	0.00018	2.9710	0.00055	0.02372	0.00031	67.1005	0.00033	0.00181	0.00006	20.3547	0.00022	16320	20	17279.8650	0.1	52.1	0.5	179.4137	0.6	40390	40	25937.1650	0.1	< 1.0	(1.0)	1.6505	1.0	19.0	0.4	43.3196	0.6	15.8	0.2	178.5127	0.3	666.2	1.8	1222.8679	0.1	62.0	0.6	111.3959	0.8	6.4	0.4	17.0988	1.2	6.0	0.6	15.5101	0.6	
It.E1.PIT.40-60.16	TQ Powders	7/17/2018 12:54:59 PM	10.4417	0.1154	0.0038	6.3458	0.011	25.56	0.05	1325.9912	0.00001	9.542	0.022	859.6502	0.0014	0.00768	0.00020	8.6983	0.0013	0.01402	0.00047	5.9916	0.00057	0.00251	0.00020	3.4185	0.00055	0.02200	0.00030	62.3720	0.00033	0.00077	0.00003	16.5157	0.00022	16330	20	17305.4889	0.1	55.1	0.5	189.7747	0.4	44010	40	28270.2836	0.1	1.7	0.7	2.7135	0.9	20.4	0.5	45.3714	0.6	18.2	0.2	200.8254	0.3	669.7	1.9	1212.7241	0.1	65.3	0.7	115.9519	0.9	6.9	0.4	18.2599	1.3	7.7	0.6	19.4317	0.6	
It.E1.2.60-100.16	TQ Powders	7/17/2018 12:41:12 PM	10.3287	0.1169	0.0039	6.4391	0.010	24.36	0.05	1320.0578	0.00001	9.744	0.022	918.1512	0.0013	0.01048	0.00028	9.1240	0.0013	0.02273	0.00054	9.8795	0.00054	0.00588	0.00029	6.1085	0.00054	0.02715	0.00032	79.3426	0.00031	0.00422	0.00009	34.2267	0.00022	15630	10	17092.5373	0.1	62.1	0.5	220.7029	0.4	45720	40	30405.4349	0.1	3.5	0.7	5.5655	0.9	22.7	0.5	51.3886	0.6	18.0	0.2	201.6806	0.3	644.3	1.8	1184.9339	0.1	59.9	0.6	108.0627	0.9	6.5	0.4	17.5285	1.2	6.3	0.6	16.1938	0.6	
It.E1.1.60-100.16	TQ Powders	7/17/2018 12:27:16 PM	10.2185	0.1074	0.0036	6.3009	0.010	24.55	0.05	1328.1797	0.00001	9.171	0.022	861.4932	0.0014	0.01070	0.00028	9.2949	0.0013	0.02254	0.00053	9.9139	0.00053	0.00568	0.00027	5.9779	0.00054	0.02441	0.00031	71.8924	0.00032	0.00329	0.00008	29.7012	0.00022	15940	20	17553.7382	0.1	60.1	0.5	214.7525	0.4	44680	40	29819.9230	0.1	3.0	0.7	4.8223	0.9	20.9	0.5	47.5869	0.6	18.1	0.2	204.5944	0.3	651.4	1.8	1205.3971	0.1	62.1	0.6	112.2696	0.9	7.1	0.4	18.9253	1.2	8.2	0.6	21.2109	0.6	
It.E1.3.60-100.16	TQ Powders	7/17/2018 12:13:20 PM	10.0135	0.1264	0.0041	6.5771	0.010	24.75	0.05	1343.8252	0.00001	9.398	0.022	881.3881	0.0013	0.01245	0.00030	9.9124	0.0013	0.02492	0.00054	10.8749	0.00052	0.00450	0.00026	5.0431	0.00054	0.02592	0.00031	75.9909	0.00031	0.00768	0.00013	50.3695	0.00021	15550	10	17063.4853	0.1	56.3	0.5	200.6891	0.4	41640	40	27807.3678	0.1	2.9	0.6	4.7795	0.8	21.5	0.5	50.0165	0.6	17.3	0.2	199.8681	0.3	665.6	1.8	1251.7458	0.1	60.8	0.6	111.9981	0.8	6.2	0.4	17.1637	1.2	6.8	0.6	17.9552	0.6	
It.E1.4.60-100.16	TQ Powders	7/17/2018 11:59:31 AM	10.2434	0.1026	0.0035	6.1808	0.010	26.10	0.05	1360.3910	0.00001	8.848	0.021	793.9916	0.0014	0.00999	0.00025	9.4045	0.0013	0.01686	0.00048	7.2032	0.00054	0.00326	0.00023	3.9962	0.00054	0.02341	0.00030	66.8111	0.00032	0.00212	0.00007	22.1863	0.00022	16400	20	17504.9565	0.1	53.7	0.5	186.2012	0.4	41910	40	27100.4424	0.1	2.7	0.7	4.3178	0.8	20.1	0.5	45.6975	0.6	16.5	0.2	186.0770	0.3	687.4	1.9	1256.5948	0.1	64.6	0.7	115.4542	0.9	6.8	0.4	18.0678	1.3	6.9	0.6	17.8209	0.6	
Diluted Soil 5	TQ Powders	7/17/2018 11:45:41 AM	14.9533	0.0569	0.0023	5.5489	0.013	19.33	0.04	992.6885	0.0019	11.01	0.03	998.8885	0.0020	0.0377	0.0012	8.9873	0.0018	0.02885	0.00070	11.6173	0.00075	0.00144	0.00016	2.5532	0.00068	0.05204	0.00040	137.6674	0.00028	0.00069	0.00002	28.2978	0.00023	11090	10	11021.4150	0.1	157.7	0.6	516.7167	0.4	97290	90	59632.1336	0.1	20.4	1.0	22.9305	1.2	36.9	0.7	58.7612	0.9	6.9	0.2	54.4420	0.4	283.0	1.4	390.6912	0.7	28.1	0.5	40.7207	1.0	4.0	0.3	9.9785	1.1	24.9	0.6	45.1722	0.8	
Diluted Soil 4	TQ Powders	7/17/2018 11:31:45 AM	14.9146	0.0478	0.0020	5.3998	0.014	20.59	0.05	1013.3209	0.0020	11.34	0.03	1017.2747	0.0020	0.0360	0.0011	9.0717	0.0018	0.03023	0.00072	12.0260	0.00075	0.00128	0.00015	2.4345	0.00069	0.05341	0.00041	141.0949	0.00029	0.00104	0.00002	29.6167	0.00023	11330	10	11264.2968	0.1	161.7	0.6	530.5897	0.4	99800	90	60600.8872	0.1	22.7	1.0	25.5216	1.3	38.8	0.8	61.6796	0.9	6.6	0.2	51.4912	0.4	337.4	1.5	460.6469	0.5	25.5	0.5	36.8258	1.0	3.2	0.3	8.5844	1.2	20.8	0.7	37.5309	0.9	
Diluted Soil 3	TQ Powders	7/17/2018 11:17:50 AM	14.1402	0.0552	0.0023	5.5007	0.014	20.63	0.05	1033.0987	0.0021	10.95	0.02	1041.8509	0.0020	0.0362	0.0011	9.3238	0.0017	0.02863	0.00067	12.3043	0.00074	0.00091	0.00013	2.2233	0.00067	0.05333	0.00040	151.3437	0.00027	0.00068	0.00002	30.3426	0.00022	10750	10	11510.6331	0.1	148.8	0.6	526.1930	0.4	99590	90	64223.8681	0.1	21.2	1.0	25.1418	1.3	38.0	0.8	63.7820	0.9	6.9	0.2	56.8569	0.4	297.8	1.4	424.6152	0.6	26.6	0.5	39.7662	1.0	3.1	0.3	8.6170	1.1	26.2	0.6	49.4199	0.9	
Diluted Soil 2	TQ Powders	7/17/2018 11:03:56 AM	14.0962	0.0752	0.0030	5.7762	0.014	20.70	0.05	1054.9885	0.0020	11.06	0.02	1064.9804	0.0020	0.0392	0.0011	9.8467	0.0017	0.02996	0.00068	12.8782	0.00073	< 0.00067	(0.0)	1.6237	0.00066	0.05423	0.00040	154.8134	0.00028	0.00247	0.00005	39.1572	0.00022	10980	10	11814.8801	0.1	155.5	0.6	551.7394	0.4	99370	90	64531.5869	0.1	17.2	1.0	20.4691	1.2	39.3	0.8	66.2718	0.9	6.6	0.2	54.5201	0.4	285.0	1.4	409.0472	0.6	28.7	0.5	42.8764	1.0	3.8	0.3	9.9240	1.1	23.0	0.7	43.7638	0.9	
Diluted Soil 1	TQ Powders	7/17/2018 10:50:02 AM	14.2733	0.0650	0.0026	5.6122	0.014	20.94	0.05	1030.2180	0.0021	11.14	0.03	1042.3488	0.0020	0.0410	0.0012	9.9555	0.0017	0.02866	0.00068	12.1419	0.00074	< 0.00067	(0.00044)	1.8498	0.00067	0.05307	0.00040	148.1705	0.00028	0.00411	0.00007	45.4562	0.00022	10980	10	11565.1324	0.1	156.8	0.6	545.3616	0.4	99930	90	63370.0164	0.1	19.7	1.0	23.0978	1.3	37.9	0.8	62.9099	0.9	7.2	0.2	58.5005	0.4	284.4	1.4	400.9063	0.6	25.8	0.5	38.1588	1.0	3.4	0.3	8.9603	1.1	27.5	0.7	51.3213	0.9	
Spiked Soil	TQ Powders	7/17/2018 10:36:06 AM	13.8371	0.1338	0.0048	6.5654	0.013	20.43	0.04	1054.7014	0.0020	10.98	0.02	1070.2882	0.0019	0.0647	0.0014	15.0852	0.0017	0.02932	0.00068	12.7964	0.00072	0.00135	0.00017	2.5712	0.00065	0.05295	0.00039	152.8868	0.00027	0.03224	0.00023	183.3335	0.00021	10820	10	11761.0554	0.1	152.9	0.6	548.0402	0.4	96670	80	63486.7905	0.1	19.9	1.0	24.2075	1.2	37.3	0.8	64.0626	0.9	6.7	0.2	56.4948	0.4	309.1	1.4	450.8106	0.6	26.2	0.5	40.0421	1.0	3.8	0.3	9.9777	1.1	24.4	0.6	47.1990	0.9	
BP.E2.1.20-40.16	TQ Powders	7/17/2018 10:22:13 AM	14.2289	0.0489	0.0020	5.4093	0.014	20.08	0.05	988.2533	0.0022	12.35	0.03	1164.6147	0.0019	0.02721	0.00081	9.4561	0.0018	0.02126	0.00063	8.8838	0.00077	< 0.00069	(0.00053)	1.9200	0.00069	0.02499	0.00031	69.4522	0.00031	0.00404	0.00007	44.5395	0.00021	13180	10	13727.7148	0.1	195.1	0.7	664.9644	0.4	96680	90	60318.5548	0.1	22.7	1.1	26.6736	1.2	38.8	0.7	64.7598	0.8	21.2	0.3	173.2099	0.4	528.9	1.9	748.5629	0.1	48.7	0.7	69.8314	1.0	5.0	0.4	11.8488	1.3	17.5	1.0	33.1700	0.9	
BP.E2.3.20-40.16(c)	TQ Powders	7/16/2018 7:19:18 PM	14.6374	0.0690	0.0028	5.6425	0.014	19.98	0.05	960.2488	0.0021	14.37	0.03	1317.6242	0.0016	0.02703	0.00079	9.3446	0.0018	0.01193	0.00053	5.1365	0.00080	0.00073	0.00010	2.0422	0.00069	0.09437	0.00054	246.5828	0.00030	0.01276	0.00016	80.4279	0.00027	13050	10	12831.3412	0.1	291.0	0.9	938.8244	0.4	96020	90	57162.6712	0.1	37.7	1.2	43.2409	1.3	70.4	0.9	114.1679	0.9	36.8	0.3	293.9060	0.4	560.3	2.0	775.4259	0.1	50.6	0.7	70.4836	1.1	5.9	0.4	13.2238	1.4	31.2	1.1	57.3059	0.9	
BP.E2.2.20-40.16(c)	TQ Powders	7/16/2018 7:05:20 PM	14.4215	0.0728	0.0029	5.7264	0.014	19.62	0.04	983.8091	0.0022	13.20	0.03	1269.4341	0.0017	0.02666	0.00078	9.5811	0.0018	0.01035	0.00050	4.7998	0.00080	< 0.00020	(0.0)	1.3232	0.00020	0.09272	0.00053	255.8299	0.00029	0.00310	0.00007	40.5327	0.00027	13280	10	13769.9301	0.1	253.0	0.8	857.4440	0.4	98670	90	61542.0040	0.1	41.9	1.2	48.9513	1.3	64.2	0.9	105.9975	0.9	36.8	0.3	298.3992	0.4	556.2	1.9	784.6663	0.1	50.0	0.7	71.1751	1.1	5.0	0.4	11.9340	1.4	33.5	1.1	62.6443	0.9	
BP.E2.1.60-100.16(c)	TQ Powders	7/16/2018 6:51:24 PM	14.3020	0.0781	0.0031	5.8004	0.014	20.11	0.04	1012.6853	0.0021	12.36	0.03	1185.3072	0.0018	0.01913	0.00063	8.2153	0.0018	0.01261	0.00055	5.5115	0.00078	0.00062	0.00010	1.9890	0.00055	0.02289	0.00030	64.3399	0.00031	0.00059	0.00002	29.2948	0.00021	13340	10	14026.4377	0.1	196.8	0.7	675.9142	0.4	98360	90	62080.5881	0.1	28.3	1.1	33.3307	1.2	42.4	0.8	70.6370	0.8	22.1	0.3	181.1246	0.4	549.2	1.9	779.9121	0.1	49.9	0.7	71.7986	1.1	6.6	0.5	14.6896	1.3	19.9	1.1	37.6720	0.8	
BP.E2.4.20-40.16(c)	TQ Powders	7/16/2018 6:37:31 PM	14.4720	0.0556	0.0023	5.4741	0.014	20.17	0.05	966.3481	0.0022	13.23	0.03	1220.6014	0.0018	0.03004	0.00087	9.6714	0.0018	0.01461	0.00058	6.0281	0.00079	< 0.00020	(0.0)	1.5190	0.00020	0.02968	0.00033	80.0250	0.00031	0.00608	0.00010	52.6700	0.00022	13000	10	13155.8853	0.1	224.1	0.8	744.0735	0.4	97280	90	59123.2635	0.1	25.3	1.1	29.3067	1.3	46.6	0.8	76.3771	0.9	24.4	0.3	196.5910	0.4	520.3	1.9	724.9170	0.1	46.9	0.7	65.8287	1.1	< 0.5	(0.0)	0.0000	0.5	16.8	1.1	31.3803	0.9	
BP.E2.3.40-60.16(c)	TQ Powders	7/16/2018 6:23:18 PM	50633.1211																									0.0	0.0	0.0035	0.0	0.0	0.0	0.0000	0.0	0.0	0.0	0.0070	0.0	0.0	0.0	0.0000	0.0	< 1.0	(0.0)	21498.7905	1.0	< 0.5	(0.0)	64.5791	0.5	< 0.5	(0.0)	38.2893	0.5	< 0.5	(0.0)	37.5966	0.5	0.0	0.0	1264.2389	0.0	0.0	0.0	120.3678	0.0	0.0	0.0	40.8221	0.0	< 0.6	(0.0)	14.4610	0.6	
BP.E2.4.40-60.16(c)	TQ Powders	7/16/2018 6:09:24 PM	14.2484	0.0512	0.0021	5.4490	0.014	19.70	0.04	988.0418	0.0022	12.92	0.03	1240.9011	0.0017	0.02691	0.00080	9.5311	0.0018	0.01576	0.00058	6.7641	0.00078	< 0.00020	(0.0)	1.4149	0.00020	0.02935	0.00032	81.8008	0.00030	0.01386	0.00015	90.8028	0.00021	12880	10	13447.3839	0.1	222.9	0.8	762.3365	0.4	97290	90	61132.1029	0.1	33.0	1.1	38.8869	1.3	51.1	0.9	85.2503	0.9	24.8	0.3	203.4635	0.4	537.4	1.9	763.3486	0.1	48.8	0.7	69.7887	1.1	5.8	0.4	13.3856	1.3	20.5	1.1	38.9503	0.9	
BP.E2.2.40-60.16(c)	TQ Powders	7/16/2018 5:55:31 PM	14.5539	0.0460	0.0019	5.3769	0.014	19.56	0.04	968.1314	0.0023	13.07	0.03	1246.7146	0.0018	0.02385	0.00073	9.0860	0.0018	0.00766	0.00046	3.7017	0.00081	< 0.00069	(0.00046)	1.8638	0.00068	0.09082	0.00053	249.6528	0.00029	0.00158	0.00004	33.8025	0.00027	13220	10	13669.8759	0.1	254.4	0.8	859.7547	0.4	100200	100	62137.6207	0.1	36.5	1.2	42.2181	1.4	64.7	1.0	105.7602	0.9	37.2	0.3	298.9026	0.4	567.5	2.0	791.4923	0.1	49.6	0.7	69.8621	1.1	5.6	0.4	12.8781	1.4	33.8	1.2	62.4910	0.9	
BP.E2.1.40-60.16(c)	TQ Powders	7/16/2018 5:41:34 PM	14.1191	0.0342	0.0015	5.2425	0.014	19.91	0.04	1018.4535	0.0021	12.49	0.03	1214.2872	0.0018	0.03134	0.00085	10.5960	0.0018	0.02333	0.00064	9.9222	0.00075	0.00420	0.00028	4.7056	0.00067	0.02607	0.00031	73.7761	0.00031	0.00980	0.00012	72.6636	0.00021	13130	10	13907.0667	0.1	198.4	0.7	686.3103	0.4	96690	80	61600.5177	0.1	25.3	1.1	30.1704	1.3	43.7	0.8	73.7393	0.9	22.3	0.3	184.6029	0.4	549.4	1.9	790.3900	0.1	50.7	0.7	73.3525	1.0	5.6	0.4	13.0706	1.3	17.8	1.1	34.2759	0.9	
BP.E2.4.60-100.16(c)	TQ Powders	7/16/2018 5:27:38 PM	14.2370	0.02270	0.00100	5.0904	0.014	19.62	0.04	995.1484	0.0022	12.82	0.03	1243.4220	0.0018	0.01998	0.00065	8.3975	0.0018	0.00941	0.00050	4.2859	0.00080	0.00276	0.00024	3.6000	0.00068	0.02746	0.00032	77.2194	0.00031	0.00170	0.00004	34.3506	0.00022	13000	10	13697.8571	0.1	221.7	0.8	763.9307	0.4	97810	90	61978.8358	0.1	25.5	1.1	30.1893	1.2	47.8	0.8	79.9635	0.8	24.9	0.3	204.4308	0.4	548.2	1.9	782.0035	0.1	50.9	0.7	73.2816	1.0	5.7	0.4	13.2007	1.3	23.4	1.1	44.5038	0.9	
BP.E2.3.60-100.16(c)	TQ Powders	7/16/2018 5:13:46 PM	14.5497	0.0557	0.0023	5.4652	0.014	20.13	0.05	950.7272	0.0022	14.29	0.03	1305.7915	0.0016	0.02337	0.00073	8.5464	0.0018	0.00859	0.00048	3.8917	0.00081	0.00265	0.00023	3.3952	0.00069	0.09936	0.00055	260.7807	0.00029	0.00174	0.00005	32.0020	0.00028	13140	10	12992.7641	0.1	285.6	0.9	926.6684	0.4	95900	90	57094.9357	0.1	37.6	1.1	43.2524	1.2	70.9	0.9	115.4737	0.8	36.6	0.3	293.2205	0.4	540.9	1.9	748.7199	0.1	47.7	0.7	66.7177	1.1	5.6	0.4	12.6409	1.4	32.4	1.1	59.5887	0.9	
BP.E2.2.60-100.16(c)	TQ Powders	7/16/2018 4:59:52 PM	14.8311	0.0586	0.0024	5.5053	0.014	19.85	0.05	944.2358	0.0023	13.16	0.03	1212.8202	0.0018	0.02261	0.00071	8.6722	0.0018	0.00774	0.00047	3.6493	0.00082	< 0.00020	(0.0)	0.8727	0.00020	0.09177	0.00053	245.4194	0.00030	0.00041	0.00001	27.6444	0.00028	13430	10	13527.6422	0.1	255.6	0.8	842.4582	0.4	101300	100	61035.7958	0.1	44.4	1.2	50.1477	1.3	66.0	1.0	105.6430	0.9	37.5	0.3	294.1347	0.4	572.2	2.0	779.8275	0.1	49.9	0.7	68.8418	1.1	5.2	0.4	11.9069	1.4	34.6	1.2	62.4520	0.9	
JP.N.1.20-40.16	TQ Powders	7/16/2018 4:45:53 PM	9.3881	0.01916	0.00073	5.0702	0.010	14.22	0.03	732.9321	0.0052	23.12	0.03	2190.0406	0.00001	< 0.00030	(0.0)	3.9917	0.00030	0.01314	0.00044	4.8513	0.00050	0.00438	0.00025	4.2699	0.00058	0.03003	0.00030	68.7258	0.00020	0.00213	0.00008	11.9866	0.00017	2766	5	2354.7238	0.1	94.6	0.5	274.7973	0.4	16090	20	9459.0834	0.1	4.3	0.5	7.5488	0.7	5.9	0.3	14.6301	0.5	1.4	0.1	18.8967	0.2	349.4	1.2	731.9744	0.1	8.9	0.3	20.7242	0.7	2.9	0.3	10.1786	0.9	8.1	0.3	24.1182	0.5	
JP.N.2.20-40.16	TQ Powders	7/16/2018 4:20:02 PM	9.1519	0.0313	0.0012	5.2392	0.010	14.18	0.03	735.1001	0.0053	23.69	0.03	2274.2348	0.00001	0.00182	0.00008	4.1457	0.0015	0.01188	0.00039	4.8706	0.00050	0.00303	0.00022	3.4491	0.00058	0.02771	0.00029	64.5058	0.00020	0.00149	0.00007	9.3541	0.00017	2540	5	2210.7162	0.1	442.2	1.0	1310.7057	0.3	14430	20	8663.2801	0.1	4.4	0.5	7.9967	0.7	5.6	0.3	14.3157	0.5	1.6	0.1	21.9106	0.2	299.6	1.2	641.0609	0.1	8.1	0.3	19.5531	0.7	2.6	0.3	9.6540	0.9	21.2	0.4	65.0084	0.4	
JP.N.3.20-40.16	TQ Powders	7/16/2018 4:06:13 PM	9.5518	0.01025	0.00039	4.9478	0.0094	13.79	0.03	716.8502	0.0051	23.14	0.03	2168.4913	0.00001	0.00161	0.00007	4.2875	0.0015	0.00920	0.00046	3.2521	0.00050	0.00277	0.00021	3.2118	0.00057	0.03022	0.00030	66.5471	0.00020	0.00159	0.00007	8.9536	0.00017	2725	5	2215.4221	0.1	68.3	0.4	189.0662	0.4	13660	20	7663.9782	0.1	1.5	0.5	2.5701	0.7	5.9	0.3	14.0968	0.5	1.6	0.1	19.8797	0.2	325.4	1.2	671.3642	0.1	7.7	0.3	18.4764	0.8	2.0	0.2	8.0971	0.9	3.6	0.3	10.6018	0.5	
JP.N.3.60-100.16	TQ Powders	7/16/2018 3:52:23 PM	9.8674	0.0656	0.0022	5.7701	0.0093	15.74	0.04	816.5509	0.0038	21.80	0.03	2024.1785	0.00001	< 0.00030	(0.0)	3.9442	0.00030	0.00836	0.00040	3.0768	0.00053	0.00301	0.00022	3.3848	0.00057	0.03908	0.00034	87.5161	0.00021	0.00113	0.00006	8.8465	0.00019	3690	6	3060.6946	0.1	97.1	0.5	273.5956	0.4	19770	20	11253.7291	0.1	5.7	0.5	9.4868	0.7	7.2	0.3	17.0088	0.5	1.7	0.1	20.8393	0.2	417.9	1.4	842.4141	0.1	9.7	0.3	21.9769	0.8	3.6	0.3	11.8309	1.0	6.2	0.3	17.7332	0.5	
JP.N.4.20-40.16	TQ Powders	7/16/2018 3:38:33 PM	9.1103	0.0616	0.0022	5.7045	0.0100	14.98	0.03	798.5514	0.0052	24.23	0.03	2344.6637	0.00001	< 0.00030	(0.0)	4.3792	0.00030	0.01187	0.00042	4.3604	0.00051	0.00468	0.00028	4.4761	0.00058	0.03199	0.00031	73.8868	0.00020	0.00225	0.00009	11.8665	0.00017	2945	5	2533.2448	0.1	72.3	0.4	212.1662	0.4	13100	20	7791.3544	0.1	5.7	0.5	10.3085	0.7	7.2	0.3	18.2842	0.5	2.1	0.1	28.2039	0.2	502.5	1.5	1076.9537	0.1	10.9	0.3	25.2841	0.7	3.1	0.3	10.7858	1.0	5.3	0.3	16.2604	0.5	
JP.N.1.40-60.16	TQ Powders	7/16/2018 3:24:44 PM	10.1478	0.0674	0.0025	5.3710	0.018	21.97	0.05	769.0425	0.0062	26.38	0.04	2052.9834	0.00001	< 0.00030	(0.0)	3.8897	0.00030	0.01033	0.00043	3.8228	0.00061	0.00399	0.00025	4.0075	0.00064	0.03032	0.00030	72.0366	0.00021	0.00157	0.00006	13.0667	0.00018	2875	5	2649.5825	0.1	113.2	0.5	363.0425	0.3	29930	30	16416.0232	0.1	6.6	0.6	10.2179	0.9	7.4	0.3	16.5849	0.6	2.0	0.1	21.9557	0.3	523.0	1.7	863.2064	0.1	12.0	0.4	21.8932	1.0	3.3	0.3	9.6737	1.3	12.6	0.5	29.3393	0.6	
JP.N.2.40-60.16	TQ Powders	7/16/2018 3:10:55 PM	9.3677	0.02459	0.00093	5.1501	0.0099	14.81	0.03	762.6759	0.0051	22.73	0.03	2131.7887	0.00001	< 0.00030	(0.0)	4.1002	0.00030	0.01085	0.00042	3.9163	0.00051	0.00538	0.00027	4.8728	0.00058	0.03147	0.00031	71.3940	0.00020	0.00287	0.00009	14.4084	0.00017	2716	5	2289.3706	0.1	72.4	0.4	208.3266	0.4	14990	20	8729.2282	0.1	5.5	0.5	9.6800	0.7	6.5	0.3	15.9848	0.5	1.6	0.1	20.8940	0.2	457.4	1.4	955.2560	0.1	10.2	0.3	23.2839	0.7	3.1	0.3	10.7928	1.0	4.3	0.3	12.9660	0.4	
JP.N.3.40-60.16	TQ Powders	7/16/2018 2:57:08 PM	9.6957	0.0695	0.0024	5.7669	0.0100	16.38	0.04	830.1938	0.0038	20.78	0.03	1919.7772	0.00001	< 0.00030	(0.0)	4.7384	0.00030	0.01024	0.00041	3.9087	0.00054	0.00138	0.00014	2.4039	0.00058	0.03797	0.00034	88.2039	0.00021	0.00100	0.00005	9.2619	0.00018	3237	5	2812.5463	0.1	295.2	0.8	871.4268	0.4	21940	30	13075.8065	0.1	6.2	0.6	10.6311	0.7	6.1	0.3	14.6127	0.5	1.8	0.1	22.0972	0.2	461.5	1.5	939.4565	0.1	11.2	0.3	24.7054	0.8	3.5	0.3	11.4987	1.0	9.3	0.4	27.0360	0.5	
JP.N.4.40-60.16	TQ Powders	7/16/2018 2:43:18 PM	10.0029	0.0973	0.0033	5.9587	0.012	16.67	0.04	791.1623	0.0044	21.51	0.03	1970.3473	0.00001	0.00254	0.00012	3.9607	0.0016	0.00883	0.00037	3.9671	0.00058	0.00358	0.00025	3.8868	0.00060	0.03265	0.00030	80.7490	0.00020	0.00104	0.00004	12.5122	0.00017	2712	5	2564.2344	0.1	276.3	0.8	896.3734	0.3	32870	30	19855.8068	0.1	6.2	0.6	9.9172	0.8	7.8	0.3	17.6980	0.6	2.2	0.1	24.7347	0.2	325.6	1.3	590.7440	0.2	9.4	0.3	19.3307	0.8	2.3	0.3	7.9299	1.0	29.5	0.5	75.0862	0.5	
JP.N.4.60-100.16	TQ Powders	7/16/2018 2:29:27 PM	18.2444	< 0.0020	(0.0)	4.7496	0.0020	13.01	0.04	630.4943	0.0041	14.67	0.03	1516.1399	0.0019	0.00665	0.00051	3.4175	0.0021	0.00410	0.00032	3.2074	0.00094	< 0.00077	(0.00030)	1.7563	0.00077	0.02741	0.00029	77.5724	0.00024	< 0.0010	(0.0)	21.2035	0.00100	3125	5	3367.0782	0.1	920.3	1.4	3319.4925	0.1	158800	100	101713.6652	0.1	25.2	1.4	23.5606	1.5	19.8	0.7	26.1852	1.0	2.4	0.3	15.6053	0.6	315.9	1.7	363.1994	0.9	13.5	0.5	18.3781	1.3	5.5	0.4	11.0953	1.3	102.5	1.7	152.4114	1.0	
JP.N.4.40-60.04	TQ Powders	7/16/2018 2:15:30 PM	8.6648	< 0.0020	(0.0)	4.0483	0.0020	8.303	0.023	573.1673	0.0053	24.12	0.03	2889.6745	0.00001	0.01709	0.00073	4.4606	0.0015	0.01283	0.00041	4.9066	0.00042	0.00341	0.00023	3.8422	0.00053	0.01512	0.00021	38.2959	0.00018	0.00228	0.00009	10.4848	0.00014	1987	4	1878.7533	0.1	22.6	0.3	73.4511	0.4	3428	8	2261.9804	1.4	< 0.7	(0.7)	1.3836	0.7	4.2	0.2	12.7232	0.4	0.8	0.1	13.2651	0.2	106.5	0.7	259.9147	0.5	4.4	0.2	12.9866	0.6	1.3	0.1	6.6089	0.6	1.8	0.2	6.6567	0.4	
JP.N.1.60-100.04	TQ Powders	7/16/2018 2:01:43 PM	8.7948	< 0.0020	(0.0)	4.5975	0.0020	11.09	0.03	748.9105	0.0049	22.45	0.03	2539.9753	0.00001	0.01744	0.00070	4.7247	0.0014	0.01256	0.00040	4.9201	0.00044	0.00404	0.00024	4.3152	0.00053	0.01695	0.00022	43.5993	0.00019	0.00220	0.00008	11.3703	0.00014	3002	5	2887.7134	0.1	37.5	0.3	123.2404	0.4	7212	12	4810.7886	0.1	3.4	0.4	7.0746	0.6	4.5	0.3	13.1777	0.4	1.3	0.1	20.1345	0.2	120.3	0.7	286.5249	0.5	4.7	0.2	13.7530	0.7	1.1	0.1	5.9927	0.7	2.9	0.2	10.1065	0.4	
IT.E1.4.60-100.04	TQ Powders	7/16/2018 1:47:56 PM	10.1832	0.1271	0.0041	6.4825	0.010	27.00	0.05	1382.9959	0.00001	8.437	0.021	740.0359	0.0015	0.00625	0.00016	9.1080	0.0013	0.01457	0.00047	6.1614	0.00055	0.00534	0.00026	5.5290	0.00054	0.02420	0.00031	68.1893	0.00034	0.00139	0.00005	17.9407	0.00023	17460	20	18393.7089	0.1	48.7	0.5	166.1669	0.6	39380	40	25048.7381	0.1	1.5	0.6	2.3700	0.8	18.8	0.4	42.8284	0.6	16.9	0.2	191.3295	0.2	724.6	1.9	1326.8037	0.1	65.7	0.7	117.8190	0.8	6.5	0.4	17.4403	1.3	6.5	0.6	16.6574	0.6	
BO.P.2.10-20.16	TQ Powders	7/16/2018 1:06:36 PM	12.5967	0.0346	0.0014	5.2224	0.013	17.51	0.04	852.4841	0.0020	18.26	0.03	1728.7202	0.00001	0.02166	0.00071	7.9337	0.0018	0.03151	0.00069	12.1200	0.00067	0.00278	0.00022	3.4558	0.00065	0.02182	0.00029	56.9747	0.00028	0.00829	0.00012	53.7259	0.00020	9687	10	9511.1916	0.1	101.6	0.5	332.8244	0.4	70010	60	42448.4994	0.1	21.3	0.8	27.9860	1.1	24.5	0.6	45.6350	0.7	5.3	0.2	48.9098	0.3	454.3	1.7	703.4414	0.1	28.4	0.5	45.1795	0.9	4.2	0.4	11.0252	1.2	7.0	0.5	14.7242	0.7	
BO.P.3.0-10.16	TQ Powders	7/16/2018 12:52:39 PM	11.6650	0.0652	0.0025	5.6367	0.013	16.72	0.04	849.2549	0.0018	18.43	0.03	1813.1415	0.00001	0.02509	0.00072	9.3055	0.0017	0.03659	0.00070	14.4572	0.00060	0.00355	0.00026	4.0673	0.00063	0.02633	0.00030	70.5622	0.00027	0.02969	0.00022	148.7442	0.00019	9406	10	9487.1813	0.1	112.6	0.6	379.0933	0.4	59840	60	37486.8921	0.1	19.4	0.8	27.3657	1.0	23.2	0.5	46.4429	0.7	6.8	0.2	67.3551	0.3	490.2	1.7	809.5209	0.1	29.3	0.5	49.3769	0.9	3.8	0.3	10.6225	1.2	5.5	0.5	12.5375	0.7	
BO.P.3.10-20.16	TQ Powders	7/16/2018 12:38:43 PM	11.4778	0.0394	0.0016	5.3206	0.012	16.62	0.04	872.8287	0.0017	18.02	0.03	1821.7597	0.00001	0.01775	0.00053	8.8920	0.0017	0.03050	0.00065	12.4461	0.00061	0.00306	0.00024	3.7662	0.00062	0.02233	0.00028	61.3788	0.00027	0.02040	0.00019	109.4957	0.00019	9688	10	10002.2116	0.1	105.4	0.5	362.4313	0.4	59320	60	38077.5687	0.1	18.0	0.8	25.9253	1.0	23.8	0.5	48.6208	0.7	6.4	0.2	65.0065	0.3	561.5	1.8	944.2198	0.1	27.8	0.5	48.1591	0.9	5.7	0.4	14.6592	1.2	8.9	0.5	20.4758	0.7	
BO.P.1.10-20.16	TQ Powders	7/16/2018 12:24:49 PM	11.8430	0.0572	0.0022	5.5708	0.012	16.30	0.04	869.7937	0.0019	17.55	0.03	1810.3275	0.00001	0.02145	0.00068	8.4409	0.0017	0.03046	0.00065	12.6455	0.00064	0.00197	0.00020	3.0007	0.00062	0.02537	0.00029	70.9149	0.00027	0.01768	0.00017	100.5009	0.00019	9705	10	10192.0461	0.1	113.8	0.6	397.3388	0.4	66060	60	43011.4369	0.1	20.7	0.8	29.0339	1.1	24.3	0.6	48.2724	0.7	6.2	0.2	61.3193	0.3	452.2	1.6	746.0128	0.1	28.4	0.5	47.8480	0.9	3.7	0.3	10.5059	1.2	9.2	0.5	20.7288	0.7	
BO.P.4.10-20.16	TQ Powders	7/16/2018 12:10:55 PM	12.2738	0.0287	0.0012	5.1643	0.012	16.53	0.04	831.8368	0.0018	18.69	0.03	1771.4450	0.00001	0.01372	0.00043	8.1644	0.0017	0.03292	0.00069	12.4720	0.00062	0.00318	0.00024	3.6917	0.00064	0.02497	0.00030	63.6803	0.00028	0.01134	0.00014	63.4872	0.00020	10110	10	9678.2721	0.1	111.7	0.6	356.1355	0.4	61150	60	36668.9008	0.1	19.5	0.8	26.2752	1.0	25.2	0.5	48.0536	0.7	5.6	0.2	53.5791	0.3	611.6	1.9	974.3256	0.1	27.1	0.5	44.5244	0.9	3.5	0.4	9.8996	1.3	8.3	0.5	18.0909	0.7	
BO.P.4.0-10.16	TQ Powders	7/16/2018 11:57:04 AM	11.4824	0.0474	0.0019	5.4199	0.012	16.26	0.04	843.0549	0.0018	18.46	0.03	1854.9037	0.00001	0.02454	0.00070	9.5750	0.0017	0.03689	0.00069	14.8840	0.00059	0.00429	0.00028	4.6402	0.00062	0.03076	0.00031	83.5644	0.00027	0.01473	0.00016	82.4327	0.00020	9678	10	9904.3453	0.1	111.4	0.5	379.8220	0.4	58530	60	37196.5030	0.1	18.8	0.8	27.0254	1.0	24.6	0.5	50.0489	0.7	5.8	0.2	58.5098	0.3	514.3	1.7	861.5939	0.1	28.4	0.5	48.5542	0.9	4.1	0.4	11.4703	1.2	9.3	0.5	21.2696	0.7	
Diluted Soil #5	TQ Powders	7/16/2018 11:43:09 AM	14.0056	0.0539	0.0022	5.5014	0.014	20.48	0.05	1050.9464	0.0020	10.91	0.02	1058.7896	0.0020	0.0377	0.0011	9.6200	0.0017	0.02682	0.00066	11.6904	0.00073	0.00100	0.00014	2.3046	0.00065	0.05268	0.00039	151.8248	0.00027	< 0.00022	(0.0)	26.9194	0.00022	10940	10	11882.8315	0.1	155.2	0.6	555.5763	0.4	98950	90	64804.0151	0.1	22.7	1.0	27.2273	1.2	39.7	0.8	67.4330	0.8	7.3	0.2	60.7267	0.4	282.3	1.4	407.3249	0.6	26.6	0.5	40.3069	1.0	4.0	0.3	10.2506	1.1	23.4	0.7	44.6926	0.8	
DIluted Soil#4	TQ Powders	7/16/2018 11:29:12 AM	14.0146	0.0509	0.0021	5.4647	0.014	20.53	0.05	1055.5876	0.0020	10.98	0.02	1067.0267	0.0020	0.0365	0.0011	9.4600	0.0017	0.02875	0.00067	12.5105	0.00073	< 0.00066	(0.0)	1.6182	0.00066	0.05129	0.00039	147.6958	0.00027	0.00046	0.00001	29.5105	0.00022	10820	10	11749.9456	0.1	153.4	0.6	549.0006	0.4	99020	90	64862.6107	0.1	21.4	1.0	25.6137	1.2	40.7	0.8	68.9898	0.8	6.9	0.2	57.5987	0.4	289.7	1.4	418.1598	0.6	26.8	0.5	40.3722	1.0	4.3	0.3	10.7086	1.1	24.7	0.6	47.1891	0.8	
Diluted Soil #3	TQ Powders	7/16/2018 11:15:18 AM	14.1035	0.0595	0.0025	5.5650	0.014	20.66	0.05	1043.3763	0.0021	10.97	0.02	1049.7883	0.0020	0.0343	0.0011	9.2465	0.0017	0.02862	0.00068	12.3262	0.00074	< 0.00067	(0.00017)	1.6606	0.00066	0.05279	0.00040	150.3146	0.00027	0.00098	0.00002	31.8825	0.00022	10780	10	11583.0514	0.1	153.6	0.6	544.5928	0.4	99370	90	64344.3793	0.1	20.9	1.0	24.8414	1.3	37.6	0.8	63.2806	0.9	6.8	0.2	56.2014	0.4	326.2	1.5	465.9137	0.6	26.8	0.5	40.2613	1.0	4.7	0.3	11.3582	1.1	25.3	0.6	47.9529	0.9	
Diluted Soil #2	TQ Powders	7/16/2018 11:01:24 AM	14.9167	< 0.0020	(0.0)	4.2131	0.0020	20.02	0.04	1009.3906	0.0019	11.22	0.03	1013.6840	0.0020	0.0372	0.0011	9.2943	0.0018	0.02860	0.00069	11.4938	0.00076	< 0.00020	(0.0)	1.3642	0.00020	0.05454	0.00041	144.1689	0.00028	0.00156	0.00003	32.3330	0.00023	11090	10	11023.1949	0.1	156.5	0.6	513.1635	0.4	98480	90	60140.8678	0.1	21.4	1.0	24.0716	1.2	39.5	0.8	62.9289	0.8	6.9	0.2	54.6075	0.4	334.8	1.5	459.2095	0.6	26.4	0.6	38.2199	1.0	3.7	0.3	9.3411	1.1	24.5	0.6	44.3713	0.8	
Diluted Soil #1	TQ Powders	7/16/2018 10:47:29 AM	14.1355	0.0670	0.0027	5.6507	0.014	20.80	0.05	1037.5842	0.0020	11.11	0.02	1051.4330	0.0020	0.0393	0.0012	9.8220	0.0017	0.02786	0.00067	11.9058	0.00074	< 0.00067	(0.0)	1.5462	0.00067	0.05393	0.00040	151.9903	0.00027	0.00429	0.00007	47.2100	0.00022	10700	10	11383.4025	0.1	151.7	0.6	533.1821	0.4	98880	90	63432.9970	0.1	21.0	1.0	24.9286	1.3	38.0	0.8	63.7470	0.9	6.3	0.2	51.8642	0.4	293.7	1.4	418.4234	0.6	26.8	0.5	40.0863	1.0	3.6	0.3	9.5404	1.1	26.0	0.6	49.1085	0.9	
Spiked Soil	TQ Powders	7/16/2018 10:33:35 AM	13.7859	0.1294	0.0047	6.5334	0.013	20.35	0.04	1064.7510	0.0020	10.98	0.02	1081.7141	0.0019	0.0671	0.0014	15.4359	0.0017	0.02805	0.00067	12.3778	0.00072	0.00206	0.00020	3.1363	0.00065	0.05210	0.00039	151.6366	0.00027	0.03087	0.00022	178.1820	0.00021	10570	10	11580.6036	0.1	146.5	0.6	529.4921	0.4	96940	80	64279.7438	0.1	21.2	1.0	25.7949	1.2	36.2	0.7	62.4686	0.8	6.8	0.2	57.6942	0.4	280.6	1.4	412.2133	0.6	24.9	0.5	38.6137	1.0	3.2	0.3	8.9420	1.1	25.1	0.6	48.8502	0.8	
