ID	Method	Eval_Date	Mass_coef	Mg_pct	Mg_err	Mg_int	Mg_dl	Al_pct	Al_err	Al_int	Al_pct	Si	Si	Si	Si	P	P	P	P	S	S	S	S	Cl	Cl	Cl	Cl	K	K	K	K	Ca	Ca	Ca	Ca	Ti	Ti	Ti	Ti	Cr	Cr	Cr	Cr	Mn	Mn	Mn	Mn	Fe	Fe	Fe	Fe	Cu	Cu	Cu	Cu	Zn	Zn	Zn	Zn	Sr	Sr	Sr	Sr	Zr	Zr	Zr	Zr	Nb	Nb	Nb	Nb	Mo	Mo	Mo	Mo	Pb	Pb	Pb	Pb
Dimension			cm?/g	%	Abs. Error ( %)	Norm. Int.	%	%	Abs. Error ( %)	Norm. Int.	%	%	Abs. Error ( %)	Norm. Int.	%	%	Abs. Error ( %)	Norm. Int.	%	%	Abs. Error ( %)	Norm. Int.	%	%	Abs. Error ( %)	Norm. Int.	%	%	Abs. Error ( %)	Norm. Int.	%	%	Abs. Error ( %)	Norm. Int.	%	?g/g	Abs. Error ( ?g/g)	Norm. Int.	?g/g	?g/g	Abs. Error ( ?g/g)	Norm. Int.	?g/g	?g/g	Abs. Error ( ?g/g)	Norm. Int.	?g/g	?g/g	Abs. Error ( ?g/g)	Norm. Int.	?g/g	?g/g	Abs. Error ( ?g/g)	Norm. Int.	?g/g	?g/g	Abs. Error ( ?g/g)	Norm. Int.	?g/g	?g/g	Abs. Error ( ?g/g)	Norm. Int.	?g/g	?g/g	Abs. Error ( ?g/g)	Norm. Int.	?g/g	?g/g	Abs. Error ( ?g/g)	Norm. Int.	?g/g	?g/g	Abs. Error ( ?g/g)	Norm. Int.	?g/g	?g/g	Abs. Error ( ?g/g)	Norm. Int.	?g/g
It.N.4.10-20.04	TQ Powders	6/27/2018 10:40	10.62	0.1008	0.0035	6.2097	0.011	23.06	0.04	1251.0576	0.00001	11.26	0.02	1078.5042	0.0012	0.01869	0.00048	9.8807	0.0014	0.03494	0.00063	14.999	0.00053	0.00691	0.00029	6.8597	0.00056	0.02885	0.00032	83.4189	0.00031	0.00212	0.00006	24.7833	0.00021	14630	10	15851.1991	0.1	104.1	0.6	279.9574	0.6	76	0.5	268.323	0.4	49400	50	32706.1349	0.1	6.8	0.7	10.6317	1	22.2	0.5	49.0217	0.7	18.8	0.2	206.1658	0.3	584.3	1.7	1054.5534	0.1	54.1	0.6	96.4744	0.8	6.4	0.4	17.0509	1.2	7.9	0.7	19.9294	0.7
It.N.3.10-20.04	TQ Powders	6/27/2018 10:54	10.3014	0.1126	0.0038	6.4525	0.011	22.29	0.04	1265.1348	0.00001	10.84	0.02	1082.9933	0.0012	0.02189	0.00053	10.981	0.0014	0.04063	0.00067	18.0898	0.0005	0.00628	0.00031	6.5671	0.00056	0.02654	0.00031	79.8532	0.0003	0.00254	0.00007	27.6686	0.00021	13990	10	15754.7222	0.1	101.3	0.6	283.5558	0.6	73.4	0.5	269.6816	0.4	48710	50	33575.7733	0.1	6.7	0.7	10.7582	0.9	20.9	0.5	47.601	0.7	17.6	0.2	199.2834	0.3	596.6	1.8	1107.7482	0.1	53.9	0.6	98.1093	0.9	4.5	0.4	13.0985	1.2	6.9	0.7	18.097	0.7
Bp.E1.T1.10-20.16	TQ Powders	6/27/2018 11:08	13.8419	0.0673	0.0027	5.6917	0.013	20.5	0.04	1062.9989	0.0018	12.45	0.03	1211.3508	0.0017	0.02479	0.00068	10.3695	0.0017	0.01223	0.00053	5.4623	0.00077	< 0.00020	0	1.1805	0.0002	0.03652	0.00036	103.2204	0.00031	< 0.00023	0	25.3843	0.00023	13810	10	14617.6128	0.1	145.4	0.8	379.7663	0.8	241.2	0.8	832.2531	0.4	92430	80	59031.8229	0.1	35.8	1.1	43.5534	1.2	33.3	0.7	57.3748	0.9	15.1	0.3	128.3781	0.4	653.7	2.1	957.0364	0.1	51.6	0.7	76.1039	1	4.8	0.4	11.9206	1.4	21.7	1.1	42.5248	0.9
It.N.1.10-20.04	TQ Powders	6/27/2018 11:22	10.5408	0.1076	0.0037	6.3162	0.011	22.96	0.04	1252.5767	0.00001	11.37	0.02	1094.7672	0.0012	0.02193	0.00053	10.6245	0.0014	0.03533	0.00063	15.2051	0.00052	0.00913	0.00032	8.5861	0.00056	0.03202	0.00033	92.689	0.0003	0.00456	0.0001	36.521	0.00021	14270	10	15488.8048	0.1	105.3	0.6	284.0148	0.6	74.8	0.5	265.0418	0.4	48630	50	32330.9347	0.1	7.5	0.7	11.7475	0.9	22	0.5	48.8299	0.6	17.9	0.2	197.9798	0.3	591.6	1.8	1073.0668	0.1	53.8	0.6	96.0606	0.9	5.7	0.4	15.5602	1.2	8.1	0.7	20.611	0.6
It.E2.1.10-20.04	TQ Powders	6/27/2018 11:36	12.3751	0.0755	0.0029	5.7972	0.012	21.64	0.05	1122.8202	0.0011	8.777	0.021	842.8497	0.0019	0.03295	0.0008	11.6734	0.0015	0.03138	0.00065	13.8473	0.00064	0.00217	0.00021	3.2573	0.00061	0.02261	0.00029	67.7242	0.00031	< 0.0010	0	20.5958	0.001	14870	10	16667.4406	0.1	123.7	0.7	340.4136	0.7	98.2	0.5	357.3341	0.4	76900	70	51177.8854	0.1	6.9	0.8	9.2461	1.1	17.1	0.6	32.5325	0.8	14.8	0.2	138.6912	0.3	549.9	1.8	869.9087	0.1	50.2	0.7	79.34	1	5.6	0.4	13.9341	1.3	11.1	0.9	23.9428	0.8
It.E2.2.10-20.04	TQ Powders	6/27/2018 11:50	12.6097	0.0328	0.0014	5.236	0.013	21.45	0.05	1118.6221	0.0013	8.457	0.021	818.6457	0.002	0.03027	0.00075	11.4364	0.0015	0.03122	0.00066	13.9225	0.00065	0.00188	0.0002	3.0397	0.00061	0.02174	0.00029	65.7921	0.00031	< 0.0010	0	20.3199	0.001	15040	10	17019.0186	0.1	129.3	0.7	358.5057	0.7	101.7	0.5	372.704	0.3	80780	70	54044.6356	0.1	4.5	0.8	5.9308	1.2	18.3	0.6	34.1963	0.8	15.3	0.2	140.5171	0.3	582	1.9	908.3168	0.1	54	0.7	83.6481	1	7.3	0.5	17.0514	1.3	12.4	0.9	26.3994	0.8
It.E2.3.10-20.04	TQ Powders	6/27/2018 12:04	12.4954	0.0652	0.0026	5.6863	0.012	20.84	0.04	1113.7991	0.0013	7.883	0.02	784.7338	0.002	0.02698	0.00067	11.3834	0.0015	0.02957	0.00063	13.6194	0.00063	0.00265	0.00021	3.7302	0.00059	0.02072	0.00029	64.7525	0.00031	< 0.00021	-0.00007	24.4602	0.00021	15230	10	17770.0726	0.1	126.1	0.7	360.1684	0.7	101.7	0.5	383.3916	0.4	81820	70	56179.0164	0.1	6.1	0.9	8.1794	1.2	18.7	0.6	35.3581	0.8	17.4	0.2	160.8344	0.3	622.1	2	979.3199	0.1	56.9	0.7	88.78	1	7.7	0.5	17.9077	1.3	12.9	0.9	27.7101	0.8
It.E2.4.10-20.04	TQ Powders	6/27/2018 12:18	12.6417	0.0563	0.0023	5.5782	0.012	21.84	0.05	1179.8214	0.0011	8.508	0.021	840.3353	0.002	0.03078	0.00074	11.8669	0.0015	0.03187	0.00066	14.3954	0.00064	0.00391	0.00026	4.7147	0.00061	0.02194	0.00029	67.1529	0.00032	< 0.00021	0	23.9002	0.00021	15600	10	17806.7554	0.1	130.1	0.7	362.8964	0.7	104.5	0.5	385.1097	0.4	81870	70	55458.0911	0.1	7.9	0.8	10.4646	1.1	20.5	0.6	38.453	0.8	16.3	0.2	150.3482	0.3	603	1.9	947.6242	0.1	54.9	0.7	85.7135	1	7.2	0.5	17.0034	1.3	12.3	0.9	26.1907	0.8
It.E2.1.10-20.16	TQ Powders	6/27/2018 12:32	11.9922	0.0781	0.0029	5.8845	0.012	20.98	0.04	1142.8316	0.0011	8.372	0.021	839.9895	0.0019	0.03482	0.00078	12.8958	0.0015	0.03858	0.00068	17.7039	0.00059	0.00471	0.00027	5.4396	0.00059	0.02536	0.0003	79.09	0.0003	0.01699	0.00017	111.1214	0.0002	14780	10	17237.7351	0.1	125.1	0.7	357.5749	0.7	104.1	0.5	393.0131	0.4	74970	70	51868.4676	0.1	6.5	0.8	9.0075	1.1	18.8	0.6	36.9408	0.8	17.3	0.2	167.7157	0.3	587.3	1.9	959.5812	0.1	54.5	0.7	88.364	0.9	7.4	0.4	17.9218	1.3	11.1	0.9	24.8537	0.8
It.E2.2.10-20.16	TQ Powders	6/27/2018 12:46	12.1856	0.0789	0.003	5.9073	0.012	20.73	0.04	1140.2059	0.0013	8.068	0.02	819.9213	0.0019	0.03221	0.00075	12.7063	0.0015	0.03479	0.00066	16.2434	0.00061	0.00282	0.00023	3.9077	0.00059	0.02538	0.0003	80.221	0.00031	0.02512	0.0002	156.5931	0.0002	14960	10	17663.4553	0.1	125.3	0.7	361.9864	0.7	112.4	0.6	428.5586	0.4	78640	70	54896.3748	0.1	5.1	0.8	6.9636	1.2	18.4	0.6	35.7476	0.8	17.4	0.2	165.2675	0.3	619	1.9	999.804	0.1	53.6	0.7	86.1065	1	7.7	0.5	18.3912	1.3	13.8	0.9	30.2807	0.8
It.E2.3.10-20.16	TQ Powders	6/27/2018 12:59	12.239	0.0793	0.0031	5.9268	0.012	21	0.04	1162.9283	0.0011	8.501	0.021	863.7904	0.0019	0.03039	0.00072	12.2736	0.0015	0.03357	0.00066	15.5409	0.00062	0.00328	0.00024	4.2692	0.0006	0.02284	0.00029	71.6668	0.00031	0.01477	0.00016	101.0487	0.00021	15090	10	17665.6988	0.1	125.4	0.7	359.1655	0.7	111.1	0.6	419.9672	0.4	78580	70	54582.9158	0.1	6.2	0.8	8.4348	1.1	19.5	0.6	37.744	0.8	17.4	0.2	165.528	0.3	618.5	1.9	999.977	0.1	56.5	0.7	90.4312	1	7.6	0.5	18.2379	1.3	12.3	0.9	27.0703	0.8
It.E2.4.10-20.16	TQ Powders	6/27/2018 13:13	12.2522	0.0783	0.003	5.9142	0.012	20.92	0.04	1162.967	0.0012	8.325	0.02	849.8577	0.0019	0.02592	0.00065	11.2756	0.0015	0.03417	0.00066	15.8695	0.00061	0.00208	0.0002	3.2772	0.00059	0.02221	0.00029	70.1476	0.00031	0.00589	0.0001	54.9738	0.00021	15160	10	17867.8507	0.1	126.4	0.7	364.0089	0.7	112.4	0.6	427.1873	0.4	79380	70	55429.8838	0.1	5.4	0.8	7.3671	1.2	18.8	0.6	36.3286	0.9	17.3	0.2	164.2314	0.3	609.4	1.9	983.8248	0.1	56.5	0.7	90.4732	1	8	0.5	18.8948	1.3	10.4	0.9	22.9094	0.8
Bp.E1.Ee2.1.10-20.16	TQ Powders	6/27/2018 14:57	14.01	0.0543	0.0022	5.5025	0.014	20.88	0.05	1056.235	0.0019	12.72	0.03	1208.4031	0.0018	0.02587	0.00072	10.2855	0.0018	0.01219	0.00054	5.3667	0.00079	< 0.00020	0	1.1196	0.0002	0.03691	0.00036	102.113	0.00032	< 0.0010	0	24.5597	0.001	14020	10	14537.2791	0.1	144	0.8	368.4018	0.8	249.1	0.8	842.3541	0.4	92660	80	57923.3802	0.1	30.3	1.1	36.3373	1.2	34.7	0.7	58.8636	0.8	15.3	0.2	128.3243	0.4	642	2	927.2116	0.1	50	0.7	72.9561	1	3.2	0.4	8.9286	1.4	23.5	1	45.2986	0.8
Bp.E1.Ee1.1.10-20.16	TQ Powders	6/27/2018 15:12	13.9476	0.0999	0.0038	6.1144	0.013	20.75	0.05	1065.9355	0.0019	12.55	0.03	1208.5009	0.0018	0.02966	0.00077	11.2482	0.0018	0.01228	0.00053	5.4607	0.00078	< 0.00020	0	1.0172	0.0002	0.03687	0.00036	103.1932	0.00032	0.00285	0.00006	38.4331	0.00023	13870	10	14549.66	0.1	137.1	0.8	355.0933	0.8	248	0.8	847.8834	0.4	92900	80	58794.9034	0.1	35	1.1	42.2108	1.2	33.6	0.7	57.3658	0.9	17.2	0.3	144.3814	0.4	660.9	2.1	960.3192	0.1	51.5	0.7	75.4757	1	5.9	0.4	13.7034	1.4	23.1	1	44.8677	0.9
Bp.E1.L.4.10-20.16	TQ Powders	6/27/2018 15:26	14.008	0.0829	0.0032	5.8692	0.013	20.55	0.05	1037.3064	0.0019	13.19	0.03	1255.6092	0.0017	0.02625	0.00071	10.5652	0.0018	0.01278	0.00054	5.5731	0.00078	< 0.00069	-0.00048	1.8821	0.00069	0.06329	0.00045	173.7145	0.0003	0.0009	0.00002	28.6421	0.00025	13510	10	13932.215	0.1	148.3	0.8	378.1933	0.8	227	0.8	765.2364	0.4	92310	80	57538.1678	0.1	27.1	1.1	32.5633	1.2	34.1	0.7	57.9594	0.8	16.3	0.2	136.508	0.4	669.1	2.1	965.7554	0.1	50.4	0.7	73.416	1	4.6	0.4	11.3002	1.4	23.1	1	44.5374	0.9
Bp.E1.T.4.10-20.16	TQ Powders	6/27/2018 15:41	13.9327	0.0737	0.0029	5.7662	0.013	20.32	0.04	1042.6141	0.0019	13.15	0.03	1270.9093	0.0017	0.0226	0.00064	10.0385	0.0018	0.01139	0.00052	5.0468	0.00078	< 0.00020	0	1.0057	0.0002	0.06421	0.00045	178.3212	0.0003	0.00079	0.00002	28.5519	0.00025	13470	10	14042.5463	0.1	157.4	0.8	405.3653	0.8	230.4	0.8	784.8372	0.4	92390	80	58278.8601	0.1	30.6	1.1	36.9618	1.2	33.9	0.7	57.9432	0.8	15.7	0.2	132.1584	0.4	674.3	2.1	980.4546	0.1	50.3	0.7	73.8201	1	5	0.4	12.158	1.4	21.6	1	41.9775	0.9
Bp.E1.Ee1.4.10-20.16	TQ Powders	6/27/2018 15:56	14.1844	0.0903	0.0035	5.9233	0.014	20.88	0.05	1018.4715	0.002	13.34	0.03	1233.8216	0.0017	0.02689	0.00072	10.4996	0.0018	0.01358	0.00055	5.7121	0.00079	< 0.00020	0	0.8992	0.0002	0.06699	0.00046	179.6325	0.0003	0.00108	0.00003	28.9258	0.00025	13470	10	13585.0917	0.1	151.7	0.8	379.1963	0.8	225.1	0.8	743.7636	0.4	92700	80	56441.4808	0.1	26.5	1.1	31.2729	1.3	33.7	0.7	56.3401	0.9	15.8	0.2	130.0621	0.4	673.9	2.1	955.8249	0.1	50.8	0.7	72.5963	1.1	4.8	0.4	11.5356	1.4	20.7	1	39.2887	0.9
Bp.E1.Ee2.4.10-20.16	TQ Powders	6/27/2018 16:10	13.8046	0.0918	0.0035	6.013	0.013	20.3	0.04	1048.0341	0.0019	13.13	0.03	1275.0171	0.0016	0.02533	0.00069	10.4476	0.0017	0.01131	0.00052	5.0439	0.00077	0.00125	0.00015	2.4632	0.00068	0.06184	0.00044	172.4586	0.0003	< 0.00025	-0.00018	25.5703	0.00025	13270	10	13899.3713	0.1	149.8	0.8	387.6965	0.8	222.2	0.8	760.4508	0.4	91150	80	57818.0345	0.1	28.1	1.1	34.2973	1.2	32.9	0.7	56.7056	0.8	16.2	0.2	138.0341	0.4	655.5	2.1	961.1717	0.1	50.3	0.7	74.3366	1	5.1	0.4	12.3155	1.4	22.1	1	43.3305	0.8
Bp.E1.L.3.10-20.16	TQ Powders	6/27/2018 16:24	14.1192	0.1059	0.004	6.1595	0.014	20.66	0.05	1037.2708	0.0019	13.16	0.03	1246.9637	0.0017	0.02322	0.00066	9.7723	0.0018	0.01218	0.00054	5.2984	0.00079	< 0.00020	0	1.0846	0.0002	0.06149	0.00044	168.2156	0.0003	0.00063	0.00002	27.8101	0.00025	13390	10	13768.3155	0.1	146.4	0.8	372.3058	0.8	211.8	0.8	712.0535	0.4	93760	80	58250.8336	0.1	27.2	1.1	32.3831	1.2	31.7	0.7	53.348	0.8	15.3	0.2	127.1967	0.4	647.3	2.1	927.7484	0.1	47.8	0.7	69.3009	1	5.5	0.4	12.9664	1.4	22.5	1	42.9889	0.9
Bp.E1.Ee1.3.10-20.16	TQ Powders	6/27/2018 16:39	13.795	0.0961	0.0037	6.1017	0.013	20.2	0.04	1067.4814	0.0019	13.14	0.03	1299.2164	0.0016	0.02793	0.00074	10.9971	0.0017	0.01332	0.00054	5.9246	0.00077	< 0.00020	0	1.483	0.0002	0.06064	0.00044	171.1528	0.0003	0.00084	0.00002	29.1997	0.00025	13360	10	14149.7569	0.1	150.9	0.8	394.4089	0.8	214.1	0.8	739.7155	0.4	92080	80	59136.5068	0.1	29.9	1.1	36.5588	1.3	33.9	0.7	58.6773	0.9	17.8	0.3	152.1597	0.4	651.3	2	961.1599	0.1	50.8	0.7	75.3555	1	4.6	0.4	11.5567	1.4	21.6	1	42.7046	0.9
Bp.E1.T.3.10-20.16	TQ Powders	6/27/2018 16:53	13.9173	0.1052	0.004	6.1911	0.013	20.38	0.04	1052.266	0.0019	13.12	0.03	1272.4596	0.0017	0.02564	0.0007	10.4385	0.0018	0.01184	0.00053	5.2615	0.00077	0.00105	0.00014	2.3184	0.00068	0.05951	0.00043	165.7774	0.0003	0.00148	0.00004	31.9285	0.00025	13370	10	13977.3687	0.1	146.3	0.8	378.0696	0.8	208.9	0.7	713.5264	0.4	92510	80	58592.781	0.1	31.3	1.1	37.9361	1.2	32.7	0.7	55.986	0.9	16.1	0.3	136.2843	0.4	652.3	2.1	951.0292	0.1	49.7	0.7	73.0103	1	5.3	0.4	12.6758	1.4	22.7	1	44.1986	0.9
Bp.E1.T.2.10-20.16	TQ Powders	6/27/2018 17:08	13.8769	0.0999	0.0038	6.0963	0.013	20.47	0.04	1039.6769	0.0019	12.65	0.03	1211.828	0.0017	0.03149	0.00079	11.7533	0.0017	0.01294	0.00054	5.6606	0.00077	< 0.00020	0	1.5305	0.0002	0.03673	0.00036	102.4363	0.00031	0.00129	0.00003	30.6617	0.00023	13880	10	14508.4446	0.1	143.9	0.8	371.7062	0.8	215	0.8	733.3312	0.4	91630	80	57723.4598	0.1	31.9	1	38.6319	1.2	33.3	0.7	57.1321	0.9	18.6	0.3	156.669	0.4	682.1	2.1	992.5939	0.1	54.2	0.7	79.1785	1	5.4	0.4	12.9249	1.4	20.7	1	40.3508	0.9
Bp.E1.L.2.10-20.16	TQ Powders	6/27/2018 17:22	13.9305	0.081	0.0032	5.8435	0.013	20.62	0.05	1042.7272	0.0019	12.51	0.03	1192.745	0.0018	0.02325	0.00065	10.0557	0.0018	0.01095	0.00052	4.85	0.00078	0.00113	0.00014	2.3719	0.00068	0.03576	0.00036	99.5931	0.00032	0.00092	0.00002	29.1552	0.00023	13790	10	14401.0318	0.1	144.1	0.8	371.7833	0.8	217.9	0.8	742.5961	0.4	92440	80	58115.9441	0.1	28	1.1	33.7388	1.2	33.6	0.7	57.3793	0.9	15.5	0.2	130.3437	0.4	665.8	2.1	964.6591	0.1	51.8	0.7	75.6131	1	5.2	0.4	12.4866	1.4	21.2	1	41.1374	0.9
Bp.E1.Ee1.2.10-20.16	TQ Powders	6/27/2018 17:37	13.925	0.0724	0.0029	5.7469	0.013	20.67	0.05	1057.6551	0.0019	12.65	0.03	1215.3616	0.0017	0.02807	0.00075	10.9729	0.0018	0.01221	0.00053	5.3948	0.00078	< 0.00020	0	1.3679	0.0002	0.03608	0.00036	100.7329	0.00032	0.00713	0.00011	58.2838	0.00023	13860	10	14494.5895	0.1	142.7	0.8	368.6841	0.8	218.5	0.8	745.2766	0.4	92390	80	58311.8799	0.1	33	1.1	39.9224	1.3	33.3	0.7	56.911	0.9	19.5	0.3	164.4113	0.4	663.3	2.1	965.1396	0.1	53.9	0.7	78.7166	1	6.7	0.5	15.1323	1.4	21.9	1	42.5891	0.9
Bp.E1.Ee2.2.10-20.16	TQ Powders	6/28/2018 10:55	13.8566	0.0737	0.0029	5.7624	0.013	20.76	0.05	1060.281	0.0018	12.8	0.03	1225.8648	0.0017	0.02194	0.00063	9.8016	0.0017	0.01193	0.00053	5.2941	0.00077	< 0.00020	0	1.0135	0.0002	0.03598	0.00036	100.0438	0.00031	< 0.0010	0	24.4069	0.001	13860	10	14446.9074	0.1	138.3	0.8	356.3071	0.8	212.8	0.7	723.3684	0.4	91140	80	57358.2053	0.1	26.6	1.1	32.2495	1.1	34.3	0.7	58.9313	0.8	15.4	0.2	130.6323	0.4	659.4	2	961.9479	0.1	51	0.7	75.3528	1	5.5	0.4	13.111	1.4	23.4	1	45.6555	0.8
Bp.E1.Ee2.3.10-20.16	TQ Powders	6/28/2018 11:09	14.2778	0.0926	0.0036	5.9535	0.014	20.8	0.05	1017.5696	0.002	13.3	0.03	1232.0751	0.0017	0.02579	0.00071	10.1221	0.0018	0.01234	0.00054	5.2819	0.0008	< 0.00020	0	1.1097	0.0002	0.05786	0.00043	155.4621	0.00031	0.00066	0.00002	27.428	0.00025	13620	10	13760.3529	0.1	154.7	0.8	386.3102	0.8	214.7	0.8	709.4201	0.4	94100	80	57337.4084	0.1	25.9	1.1	30.4436	1.2	35.6	0.7	59.2478	0.8	15.7	0.3	128.7059	0.4	653.9	2.1	923.2192	0.1	49.7	0.7	70.9585	1	4.1	0.4	10.3283	1.4	23.4	1	44.1339	0.8
Bp.E2.T2.10-20.16	TQ Powders	6/28/2018 11:23	14.346	0.0955	0.0037	6.0315	0.014	19.6	0.04	993.8878	0.0022	13.16	0.03	1277.2739	0.0017	0.0281	0.0008	9.9228	0.0018	0.01034	0.0005	4.8207	0.00079	0.0008	0.00012	2.1253	0.00068	0.09311	0.00053	258.6349	0.00029	0.00361	0.00007	43.1695	0.00027	13190	10	13772.115	0.1	142.4	0.8	366.5616	0.3	250.2	0.8	853.0131	0.4	98170	90	61715.6517	0.1	35.8	1.2	42.0461	1.4	63.9	0.9	106.1497	0.9	37.5	0.3	306.7518	0.4	557.8	1.9	791.6518	0.1	49.7	0.7	71.1781	1	5.1	0.4	12.0929	1.3	33.1	1.1	62.353	0.9
Bp.E2.L2.10-20.16	TQ Powders	6/28/2018 11:37	14.7572	0.087	0.0034	5.8753	0.014	20.25	0.05	983.2878	0.0022	13.49	0.03	1255.2299	0.0018	0.02899	0.00084	9.7308	0.0018	0.02032	0.00062	8.5771	0.00078	< 0.00070	-0.00058	1.9388	0.00069	0.09696	0.00055	259.4563	0.00029	0.00491	0.00009	47.9351	0.00028	13380	10	13467.3664	0.1	148.6	0.8	369.2095	0.3	256.6	0.8	845.1676	0.4	100400	100	60811.3825	0.1	36.6	1.2	41.7047	1.3	66.1	1	106.5506	0.9	37.4	0.3	296.4633	0.4	555.9	2	764.9815	0.1	49.2	0.7	68.5147	1.1	4.1	0.4	10.156	1.4	34.7	1.1	63.2413	0.9
Bp.E2.Ee1.2.10-20.16	TQ Powders	6/28/2018 11:51	14.287	0.0641	0.0026	5.6395	0.014	19.64	0.04	1008.8963	0.0021	13.34	0.03	1304.9627	0.0017	0.03147	0.00086	10.5713	0.0018	0.01936	0.0006	8.5519	0.00077	0.00179	0.00019	2.8716	0.00068	0.09366	0.00053	260.7933	0.00029	0.01144	0.00015	79.7207	0.00027	13160	10	13757.5648	0.1	149.9	0.8	386.3811	0.3	259.7	0.8	886.9458	0.4	97570	90	61602.7663	0.1	36.9	1.2	43.637	1.3	66.6	0.9	111.1527	0.9	36.5	0.3	300.2253	0.4	553.5	1.9	791.3121	0.1	50	0.7	72.0094	1.1	4.6	0.4	11.1908	1.3	35.1	1.1	66.6248	0.9
Bp.E2.Ee2.2.10-20.16	TQ Powders	6/28/2018 12:05	14.7449	0.0635	0.0026	5.5963	0.014	20.18	0.05	996.5297	0.0022	13.51	0.03	1275.115	0.0017	0.02946	0.00084	9.9166	0.0018	0.01158	0.00052	5.245	0.0008	0.00075	0.00011	2.0713	0.00069	0.1018	0.0006	274.917	0.00028	0.00521	0.0001	49.8266	0.00028	13360	10	13567.5242	0.1	152.2	0.9	381.1122	0.3	250.4	0.8	831.0274	0.4	101100	100	61836.3374	0.1	47.8	1.2	54.5659	1.4	64	1	103.3081	1	37.1	0.3	294.4628	0.4	557.9	2	772.4835	0.1	49.4	0.7	69.288	1.1	5.2	0.4	12.09	1.4	36.4	1.2	66.7356	0.9
Bp.E2.T.1.10-20.16	TQ Powders	6/28/2018 12:19	13.7082	0.0756	0.003	5.8213	0.013	19.28	0.04	1020.2056	0.0021	11.96	0.03	1203.5125	0.0018	0.03855	0.00096	12.1881	0.0017	0.02441	0.00063	10.7745	0.00073	0.00093	0.00013	2.2558	0.00066	0.03215	0.00033	94.0255	0.0003	0.03326	0.00023	189.5356	0.00021	12750	10	13964.5599	0.1	144.1	0.8	388.7922	0.8	190.9	0.7	682.8585	0.4	94310	80	62114.863	0.1	28.1	1.1	34.4404	1.3	40.3	0.8	69.9851	0.9	30.2	0.3	258.2551	0.4	530.3	1.9	783.7884	0.1	59.5	0.7	87.5187	1	4.6	0.4	11.5446	1.3	19.8	1.1	39.2576	0.9
Bp.E2.2.1.10-20.16	TQ Powders	6/28/2018 12:33	15.0629	< 0.0020	0	4.1912	0.002	18.16	0.04	964.5614	0.0019	12.36	0.03	1142.7438	0.0018	0.0274	0.00083	8.9531	0.0018	0.02088	0.00064	8.3461	0.00078	< 0.00071	-0.0003	1.7375	0.0007	0.0269	0.00032	70.5893	0.00031	0.00453	0.00008	44.1905	0.00022	13230	10	12931.0337	0.1	142.6	0.8	343.9375	0.8	199.9	0.7	639.1235	0.4	94370	80	57170.1337	0.1	32	1	36.1735	1.2	38.6	0.7	61.7143	0.8	21.5	0.3	170.2913	0.4	497.7	1.8	694.6146	0.1	44.2	0.6	62.734	1	5.5	0.4	12.5445	1.3	18.4	1	33.979	0.8
Bp.E2.Ee1.1.10-20.16	TQ Powders	6/28/2018 12:46	13.7812	0.0652	0.0026	5.6873	0.013	19.55	0.04	1044.3078	0.002	12.21	0.03	1232.099	0.0017	0.02718	0.00079	9.8877	0.0017	0.03507	0.00072	15.2144	0.00071	0.0029	0.00025	3.7952	0.00066	0.02716	0.00031	79.2686	0.0003	0.0068	0.0001	59.9084	0.00021	12920	10	14108.1009	0.1	140.3	0.7	377.2165	0.8	192.5	0.7	685.6565	0.4	95130	80	62632.8659	0.1	23.9	1.1	29.1842	1.3	37	0.8	64.0449	0.9	23	0.3	195.8068	0.4	524.4	1.8	774.7647	0.1	48.6	0.7	72.3578	1	4.9	0.4	12.1586	1.3	17.4	1.1	34.3957	0.9
Bp.E2.Ee2.1.10-20.16	TQ Powders	6/28/2018 13:00	14.0778	0.0473	0.002	5.4259	0.013	20.03	0.04	1039.86	0.002	12.21	0.03	1199.9272	0.0018	0.02758	0.00079	9.8616	0.0017	0.01727	0.00059	7.514	0.00077	0.001	0.00014	2.292	0.00067	0.02407	0.0003	68.9435	0.00031	0.00088	0.00002	30.8427	0.00021	13200	10	14130.8126	0.1	148.6	0.8	391.672	0.8	186.9	0.7	653.1141	0.4	97170	90	62614.0099	0.1	28.3	1.1	33.903	1.3	35.6	0.8	60.249	0.9	19.9	0.3	165.6807	0.4	537.1	1.9	776.5141	0.1	49.2	0.7	71.4873	1	6.8	0.4	15.2583	1.3	17.7	1.1	34.1587	0.9
Bp.E2.L.4.0-10.16	TQ Powders	6/28/2018 13:14	14.523	0.0539	0.0022	5.4688	0.014	20.37	0.05	993.4485	0.0021	13.67	0.03	1273.7919	0.0017	0.02611	0.00078	9.1683	0.0018	0.01564	0.00058	6.4997	0.00079	0.00106	0.00014	2.2921	0.00069	0.0372	0.00036	100.0531	0.00031	0.0279	0.00022	151.1477	0.00022	12990	10	13107.9805	0.1	157.3	0.8	392.0277	0.8	230.9	0.8	763.9233	0.4	97680	90	59490.1261	0.1	25.7	1.1	29.7218	1.3	46.1	0.8	75.4085	0.9	25.9	0.3	208.2413	0.4	538.5	1.9	752.4129	0.1	50.1	0.7	70.6385	1.1	5.2	0.4	12.144	1.3	20.5	1	38.1473	0.9
Bp.E2.T.4.0-10.16	TQ Powders	6/28/2018 13:28	13.687	0.0509	0.0021	5.4928	0.013	18.76	0.04	1000.6571	0.0021	12.64	0.03	1286.9894	0.0016	0.0355	0.00092	11.5457	0.0017	0.01921	0.00059	8.5564	0.00073	0.00187	0.00019	2.9894	0.00066	0.03315	0.00033	96.7991	0.0003	0.04127	0.00026	228.4086	0.00021	12470	10	13628.7374	0.1	155.7	0.8	419.2222	0.8	222.1	0.7	793.6106	0.4	93980	80	61970.2514	0.1	30.2	1.1	37.1917	1.3	43.2	0.8	75.2156	0.9	31.1	0.3	266.3594	0.4	522.1	1.8	775.8225	0.1	56.6	0.7	84.0614	1	6.9	0.4	15.8631	1.3	19.9	1.1	39.4802	0.9
Bp.E2.Ee2.4.0-10.16	TQ Powders	6/28/2018 14:14	13.845	0.0748	0.003	5.8025	0.013	19.36	0.04	1017.344	0.002	12.74	0.03	1272.5324	0.0017	0.02664	0.00078	9.661	0.0017	0.01695	0.00058	7.4498	0.00075	0.00113	0.00015	2.4004	0.00066	0.02978	0.00032	85.6266	0.0003	0.00618	0.00009	55.9969	0.00021	12680	10	13655.0832	0.1	159.1	0.8	421.9957	0.8	212.5	0.7	748.3512	0.4	94750	80	61603.1915	0.1	28	1	34.055	1.3	40.5	0.8	69.7873	0.9	23.1	0.3	195.6088	0.4	522.4	1.8	767.0392	0.1	48.8	0.7	72.2564	1	5.8	0.4	13.7178	1.3	18.6	1.1	36.5948	0.9
Bp.E2.Ee1.4.0-10.16	TQ Powders	6/28/2018 14:28	14.3113	0.0713	0.0029	5.7084	0.014	19.75	0.04	989.3984	0.0022	13.5	0.03	1292.8871	0.0017	0.02275	0.00073	8.7544	0.0018	0.01608	0.00059	6.8215	0.00079	< 0.00070	-0.00044	1.8464	0.00069	0.03308	0.00034	91.1085	0.00031	0.01647	0.00017	101.7707	0.00022	12750	10	13166.8106	0.1	159.7	0.8	406.9652	0.8	230.1	0.8	778.4584	0.4	96990	80	60474.7641	0.1	23.5	1.1	27.6803	1.1	47.2	0.8	78.488	0.8	24.5	0.3	200.1428	0.4	539.3	1.9	765.1738	0.1	50	0.7	71.6537	1.1	5.8	0.4	13.3138	1.3	20	1.1	37.9364	0.8
Jp.E2.1.10-20.16	TQ Powders	6/28/2018 14:42	9.2824	< 0.0020	0	3.7685	0.002	11.92	0.03	800.2411	0.004	20.8	0.03	2291.795	0.00001	0.01981	0.00061	6.7466	0.0014	0.01794	0.00045	6.9862	0.00041	0.00421	0.00022	4.4406	0.00051	0.02053	0.00025	52.7767	0.0002	0.0068	0.00012	31.5532	0.00015	4197	6	4036.226	0.1	34	0.3	85.8651	0.4	46.5	0.4	151.8409	0.4	8918	13	5904.3873	0.1	4.1	0.4	8.2192	0.6	7.6	0.3	21.766	0.4	2.5	0.1	36.4219	0.2	236.9	1	553.8095	0.2	10.3	0.3	25.7617	0.7	3.3	0.2	11.8361	0.8	2.8	0.3	9.5858	0.4
Bp.E2.T.3.10-20.16	TQ Powders	6/28/2018 14:56	14.3313	0.0743	0.003	5.7375	0.014	20.07	0.05	994.5504	0.002	14.26	0.03	1347.5508	0.0016	0.03757	0.00097	11.3168	0.0018	0.01215	0.00052	5.4175	0.00079	< 0.00069	0	1.6183	0.00068	0.09476	0.00054	254.1878	0.00029	0.02957	0.00024	157.934	0.00027	12940	10	13041.7184	0.1	136.6	0.8	340.8162	0.3	294.6	0.9	972.8943	0.4	94660	80	57819.538	0.1	36.5	1.1	42.8763	1.2	74.7	0.9	123.971	0.8	43.8	0.3	358.3443	0.4	541	1.9	766.6201	0.1	54.7	0.7	77.8277	1.1	5.5	0.4	12.7717	1.3	34	1.1	64.0252	0.9
Bp.E2.L.3.10-20.16	TQ Powders	6/28/2018 15:10	14.3263	0.062	0.0025	5.584	0.014	19.62	0.04	975.6664	0.0021	14.04	0.03	1338.2651	0.0016	0.0261	0.00077	9.4355	0.0018	0.00989	0.00049	4.5504	0.0008	< 0.00069	-0.00036	1.7878	0.00068	0.1092	0.0006	295.9542	0.00027	0.00109	0.00003	29.9997	0.00028	12910	10	13154.317	0.1	139.7	0.8	352.3404	0.3	259.2	0.8	865.3657	0.4	95690	90	58950.6891	0.1	35.5	1.1	41.6345	1.2	71.8	0.9	119.3007	0.8	36.2	0.3	295.9089	0.4	558.5	1.9	790.8656	0.1	47.5	0.7	68.0209	1.1	5.2	0.4	12.1834	1.4	33.3	1.1	62.6773	0.9
Bp.E2.Ee1.3.10-20.16	TQ Powders	6/28/2018 15:24	14.1072	0.079	0.0031	5.8246	0.014	19.61	0.04	997.0939	0.0021	13.96	0.03	1352.9687	0.0016	0.02994	0.00084	10.194	0.0018	0.013	0.00053	5.8432	0.00078	< 0.00068	-0.00059	1.9638	0.00068	0.08552	0.00052	234.9894	0.00029	0.00342	0.00007	40.7807	0.00027	13050	10	13470.9046	0.1	151	0.8	384.7651	0.8	289.1	0.9	976.5215	0.4	93870	80	58691.9919	0.1	36.9	1.1	43.9748	1.2	71.1	0.9	119.9951	0.8	35.2	0.3	292.6343	0.4	547	1.9	788.5807	0.1	47.4	0.7	69.0574	1.1	4.9	0.4	11.9443	1.3	32.1	1	61.518	0.8
Bp.E2.Ee2.3.10-20.16	TQ Powders	6/28/2018 15:38	14.0077	0.0782	0.0031	5.8459	0.013	19.35	0.04	1011.0405	0.002	14.02	0.03	1390.6902	0.0015	0.03001	0.00084	10.3081	0.0018	0.01132	0.00051	5.3172	0.00078	0.00155	0.00017	2.6961	0.00067	0.106	0.0006	295.5969	0.00027	0.00029	0.00001	26.8219	0.00028	12800	10	13405.3047	0.1	141.4	0.8	365.5323	0.3	265.9	0.8	910.5371	0.4	93930	80	59735.0571	0.1	38.9	1.2	46.8722	1.3	71.9	1	122.551	0.9	35.8	0.3	300.5007	0.4	542.3	1.9	790.8463	0.1	48	0.7	70.6243	1.1	5.9	0.4	13.7596	1.3	35.5	1.1	68.9399	0.9
Bp.E2.T.4.10-20.16	TQ Powders	6/28/2018 15:51	14.3204	0.0613	0.0025	5.5768	0.014	20.23	0.05	1007.6379	0.0021	13.25	0.03	1255.4957	0.0017	0.03173	0.00089	10.1909	0.0018	0.01631	0.00059	6.8788	0.00078	< 0.00069	-0.00053	1.9106	0.00068	0.03047	0.00033	83.5722	0.00031	0.01579	0.00016	98.1585	0.00022	12970	10	13333.8889	0.1	146.4	0.8	371.5234	0.8	219.9	0.8	740.3984	0.4	96690	90	59987.039	0.1	24.8	1.1	29.0857	1.3	42.7	0.8	70.9338	0.9	26.1	0.3	213.4609	0.4	522.7	1.9	740.6073	0.1	50.5	0.7	72.1004	1	5.8	0.4	13.3154	1.3	19.8	1.1	37.3791	0.9
Bp.E2.L.4.10-20.16	TQ Powders	6/28/2018 16:05	14.0299	0.0493	0.0021	5.4527	0.013	19.57	0.04	1019.261	0.002	13.06	0.03	1291.0157	0.0017	0.02391	0.00073	9.11	0.0018	0.01439	0.00055	6.3577	0.00077	0.00251	0.00022	3.4348	0.00067	0.03362	0.00034	95.3693	0.0003	0.00522	0.00009	50.9912	0.00022	12890	10	13696.9716	0.1	141.6	0.8	371.0676	0.8	229.9	0.8	798.7057	0.4	95870	80	61561.5529	0.1	26.2	1.1	31.4564	1.2	47.2	0.8	80.162	0.8	25.2	0.3	210.7339	0.4	530.6	1.9	770.9635	0.1	48.2	0.7	70.6508	1	5.7	0.4	13.4303	1.3	21.6	1.1	41.7613	0.9
Bp.E2.Ee1.4.10-20.16	TQ Powders	6/28/2018 16:19	13.8576	0.0392	0.0017	5.3212	0.013	18.99	0.04	993.2227	0.0021	12.55	0.03	1255.7035	0.0017	0.02461	0.00074	9.2843	0.0017	0.01632	0.00057	7.236	0.00076	0.00067	0.0001	2.0446	0.00066	0.02967	0.00032	85.7902	0.0003	0.00095	0.00002	31.1581	0.00021	12620	10	13678.5615	0.1	148	0.8	395.4677	0.8	213.3	0.7	755.9948	0.4	95530	80	62302.0443	0.1	25.4	1.1	30.8397	1.3	42.2	0.8	72.5017	0.9	23.4	0.3	197.2273	0.4	523.9	1.8	766.2612	0.1	48.2	0.7	70.8966	1	6.5	0.4	14.8006	1.3	19.7	1.1	38.6025	0.9
Bp.E2.Ee2.4.10-20.16	TQ Powders	6/28/2018 16:33	13.8861	0.0651	0.0027	5.6884	0.013	19.47	0.04	1039.2627	0.002	12.7	0.03	1281.4752	0.0017	0.02471	0.00074	9.4232	0.0017	0.01375	0.00055	6.1861	0.00077	0.00184	0.00019	2.9565	0.00067	0.02756	0.00032	79.8406	0.0003	0.00106	0.00002	31.8731	0.00021	12890	10	13970.8953	0.1	142.8	0.8	381.0636	0.8	210.9	0.7	746.0571	0.4	95870	80	62775.3056	0.1	23.9	1.1	29.0471	1.3	41.7	0.8	71.5798	0.9	22.5	0.3	190.0372	0.4	532.1	1.9	782.7527	0.1	48.8	0.7	72.4017	1	6.3	0.4	14.6472	1.3	20.1	1.1	39.4107	0.9
JP.E2.4.10-20.16	TQ Powders	6/28/2018 16:47	10.2287	< 0.0020	0	4.425	0.002	19.57	0.05	642.1547	0.0096	30.03	0.04	2257.1062	0.00001	0.02824	0.00096	5.7138	0.0017	0.01977	0.0005	6.7786	0.00049	0.00334	0.0002	3.5934	0.00058	0.01789	0.00023	42.9239	0.00021	0.00971	0.00014	41.0791	0.00016	2630	4	2451.7069	0.1	20.5	0.3	51.0262	0.4	39.5	0.3	129.1196	0.4	8063	13	4374.9528	0.1	2.3	0.5	3.9942	0.8	5.4	0.3	13.4053	0.5	2	0.1	23.5186	0.2	141.1	0.9	246.3985	0.7	6.5	0.3	13.6921	1	3	0.2	9.2301	0.9	1.9	0.3	4.742	0.6
JP.E2.3.10-20.16	TQ Powders	6/28/2018 17:24	9.069	0.0346	0.0013	5.3104	0.0097	15.26	0.03	809.5883	0.005	23.39	0.03	2233.3288	0.00001	0.02729	0.00082	6.8973	0.0015	0.0205	0.00051	7.2855	0.00046	0.00493	0.00026	4.6179	0.00059	0.02447	0.00028	56.302	0.00022	0.00993	0.00015	40.5054	0.00017	4162	6	3546.4672	0.1	43.9	0.4	97.037	0.4	70.2	0.5	203.1962	0.4	10940	20	6424.4635	0.1	4	0.5	7.167	0.7	7.2	0.3	18.358	0.5	2.4	0.1	32.7703	0.2	194.6	0.9	419.5925	0.4	7.4	0.3	18.1433	0.7	1.2	0.2	6.08	0.8	2.1	0.3	6.5599	0.4
JP.E2.2.10-20.16	TQ Powders	6/28/2018 17:38	8.9829	0.0676	0.0023	5.7674	0.01	16.23	0.04	850.5905	0.0049	22.43	0.03	2130.0352	0.00001	0.03214	0.00091	7.6846	0.0015	0.0267	0.00056	9.6648	0.00045	0.00295	0.00022	3.4157	0.00059	0.02656	0.00029	62.6166	0.00023	0.02965	0.00024	119.2758	0.00017	5040	7	4417.8877	0.1	34.9	0.4	79.5726	0.5	98.3	0.5	292.2546	0.4	12270	20	7393.556	0.1	6.1	0.5	11.2504	0.7	8.9	0.3	23.0904	0.5	3.1	0.1	42.1841	0.2	187.2	0.9	406.9116	0.5	9.4	0.3	22.5642	0.7	1.2	0.2	6.0312	0.8	2.9	0.3	9.1322	0.4
It.N.1.20-40.04	TQ Powders	6/28/2018 17:52	10.6713	0.0799	0.0029	5.9182	0.011	23.03	0.04	1250.0647	0.00001	11.21	0.02	1075.1389	0.0012	0.01072	0.0003	8.5485	0.0014	0.02087	0.00053	9.0391	0.00057	0.00266	0.00022	3.5809	0.00056	0.02321	0.0003	67.3608	0.00031	0.00051	0.00002	17.2456	0.00021	14620	10	15872.1191	0.1	107	0.6	288.191	0.6	74.2	0.5	262.731	0.4	50350	50	33387.0658	0.1	4.6	0.7	7.1314	0.9	22.5	0.5	49.4704	0.6	18	0.2	196.4704	0.3	603.9	1.8	1084.6798	0.1	56.3	0.6	99.2638	0.9	5.7	0.4	15.4151	1.2	7.4	0.7	18.5967	0.7
It.N.2.20-40.04	TQ Powders	6/28/2018 18:06	12.2733	0.1075	0.0039	5.6532	0.02	34.12	0.07	1104.3257	0.00001	12.89	0.03	923.751	0.0018	0.01718	0.00048	8.2976	0.0018	0.02993	0.00067	10.7013	0.0007	0.0034	0.00025	3.7175	0.00071	0.02534	0.00032	62.9416	0.00036	0.00182	0.00005	20.964	0.00025	14460	10	13839.5861	0.1	103.9	0.6	253.3006	0.7	70.3	0.5	226.3548	0.4	56290	50	30121.7629	0.1	7.5	0.7	10.2742	1	22.2	0.5	44.3239	0.7	17.5	0.2	165.8577	0.3	630	2	936.999	0.1	56.9	0.7	83.5268	1.1	5.7	0.4	13.5041	1.5	7.7	0.7	16.0808	0.8
It.N.3.20-40.04	TQ Powders	6/28/2018 18:20	10.7203	0.1155	0.0038	6.4253	0.011	23.33	0.05	1269.9543	0.00001	11.02	0.02	1055.2112	0.0012	0.01466	0.00039	9.2249	0.0014	0.02425	0.00056	10.4983	0.00056	0.0035	0.00024	4.2335	0.00056	0.02356	0.0003	68.3791	0.00031	0.00099	0.00003	19.7507	0.00021	14610	10	15860.7646	0.1	106.1	0.6	285.6602	0.6	72.6	0.5	256.9724	0.4	51000	50	33840.5702	0.1	7.3	0.7	11.2997	0.9	22.2	0.5	48.6308	0.6	17.4	0.2	189.1707	0.3	597.5	1.8	1071.2185	0.1	55.3	0.6	97.5698	0.9	6.8	0.4	17.8265	1.2	8.4	0.7	21.0878	0.6
It.N.4.20-40.04	TQ Powders	6/28/2018 18:34	10.8589	0.0884	0.0032	6.0186	0.011	23.55	0.05	1257.5618	0.00001	11.53	0.02	1085.8919	0.0012	0.01383	0.00036	9.327	0.0014	0.02452	0.00058	10.3897	0.00057	0.00473	0.00026	5.1106	0.00057	0.02579	0.00031	73.2693	0.00031	0.00096	0.00003	19.1945	0.00021	14830	10	15761.7575	0.1	107.1	0.6	283.0734	0.6	76.8	0.5	266.3902	0.4	50940	50	33129.8178	0.1	3.7	0.7	5.589	0.9	23.1	0.5	49.8958	0.6	19.4	0.2	207.5799	0.3	635.4	1.9	1123.9469	0.1	57.6	0.6	100.3526	0.9	6.2	0.4	16.4171	1.3	8.1	0.7	19.9117	0.7
It.N.1.40-60.04	TQ Powders	6/28/2018 18:48	11.3773	< 0.0020	0	4.7915	0.002	24.57	0.05	1236.2893	0.00001	11.61	0.03	1036.3969	0.0013	0.00997	0.00028	8.3576	0.0015	0.01995	0.00055	8.1379	0.00061	0.00336	0.00023	3.9574	0.00059	0.02308	0.00031	62.828	0.00032	0.0005	0.00002	17.0562	0.00022	15350	10	15634.3231	0.1	113.1	0.7	286.2546	0.7	77.4	0.5	257.352	0.4	53830	50	33389.9055	0.1	4.9	0.7	7.1368	0.9	24.1	0.5	49.6207	0.6	19.4	0.2	197.9712	0.3	649.8	1.9	1096.6139	0.1	58.5	0.7	97.446	0.9	6.8	0.4	16.9257	1.3	9.2	0.7	21.457	0.7
It.N.2.40-60.04	TQ Powders	6/28/2018 19:02	10.8722	0.101	0.0036	6.2223	0.011	23.66	0.05	1288.4706	0.00001	10.97	0.02	1047.3483	0.0013	0.0091	0.00025	8.5681	0.0014	0.02146	0.00055	9.2838	0.00058	0.00338	0.00022	4.1334	0.00056	0.02236	0.0003	64.7097	0.00031	0.0006	0.00002	18.2542	0.00021	15020	10	16234.2043	0.1	109	0.6	292.0975	0.6	74.8	0.5	262.9566	0.4	52560	50	34707.5388	0.1	3.1	0.7	4.7848	0.9	23.4	0.5	50.5025	0.6	18.5	0.2	198.8075	0.3	641.7	1.8	1140.2821	0.1	59	0.6	103.1039	0.9	7	0.4	18.0247	1.2	8.6	0.7	21.1704	0.7
It.N.4.40-60.04	TQ Powders	6/28/2018 19:16	11.4803	< 0.0020	0	4.6419	0.002	24.82	0.05	1209.7369	0.00001	11.91	0.03	1037.8642	0.0013	0.01181	0.00033	8.4888	0.0015	0.02055	0.00056	8.1775	0.00061	0.00233	0.0002	3.1803	0.00059	0.02398	0.00031	63.9066	0.00032	0.00078	0.00003	17.7252	0.00022	15350	10	15324.2429	0.1	110.5	0.7	274.7988	0.7	78	0.5	254.6864	0.4	53300	50	32356.4824	0.1	3.3	0.7	4.717	0.9	24.3	0.5	49.3163	0.6	19.3	0.2	194.5797	0.3	643.3	1.9	1071.4075	0.1	60	0.7	98.6452	0.9	6.8	0.4	16.8047	1.3	8.3	0.7	19.1091	0.7
It.N.3.40-60.04	TQ Powders	6/28/2018 19:30	10.9234	0.0985	0.0034	6.1526	0.011	23.56	0.05	1254.4988	0.00001	11	0.02	1035.6778	0.0013	0.01141	0.00031	8.6566	0.0014	0.02213	0.00056	9.4424	0.00057	0.00288	0.00022	3.7237	0.00056	0.02268	0.0003	64.994	0.00031	0.001	0.00003	19.9256	0.00021	14850	10	15907.3226	0.1	108.6	0.6	288.6623	0.6	73.6	0.5	257.1328	0.4	52520	50	34305.7934	0.1	7.4	0.7	11.1456	0.9	23.4	0.5	50.1865	0.7	18.3	0.2	194.1367	0.3	616.5	1.8	1085.1439	0.1	57.9	0.6	100.407	0.9	6.7	0.4	17.2942	1.2	7.7	0.7	18.8105	0.7
It.N.1.60-100.04	TQ Powders	6/28/2018 19:44	11.3065	0.0898	0.0032	5.966	0.011	24.48	0.05	1237.4016	0.00001	11.33	0.02	1016.6986	0.0013	0.00921	0.00026	8.2353	0.0015	0.01897	0.00054	7.7889	0.0006	0.00134	0.00015	2.5077	0.00058	0.02298	0.0003	63.1207	0.00032	0.00037	0.00001	16.5396	0.00022	15280	10	15701.0703	0.1	109.7	0.7	280.4937	0.6	76.3	0.5	255.819	0.4	53660	50	33550.961	0.1	3.7	0.7	5.3918	1	23.5	0.5	48.5513	0.7	19.3	0.2	198.2522	0.3	644.9	1.9	1097.2713	0.1	59	0.7	98.9654	0.9	6	0.4	15.5582	1.3	8	0.7	18.7904	0.7
It.N.2.60-100.04	TQ Powders	6/28/2018 19:58	11.422	< 0.0020	0	4.6166	0.002	24.71	0.05	1240.7163	0.00001	11.01	0.02	981.4967	0.0014	0.00714	0.00021	7.9136	0.0015	0.01921	0.00054	7.8761	0.00061	0.0055	0.00028	5.5371	0.00058	0.0248	0.00031	67.9697	0.00032	0.00039	0.00001	16.91	0.00022	15570	10	15971.2886	0.1	111.9	0.7	285.1443	0.7	78	0.5	261.0157	0.4	55050	50	34269.862	0.1	5	0.7	7.2693	0.9	24.1	0.5	49.2606	0.6	18.4	0.2	186.9798	0.3	658.5	1.9	1106.4443	0.1	57.5	0.7	95.5298	0.9	8.6	0.5	20.5682	1.3	8.3	0.7	19.4121	0.7
Bp.E1. Ee1.4.60-100.16	TQ Powders	7/2/2018 10:24	14.1633	0.0958	0.0037	6.0157	0.014	20.76	0.05	1032.6669	0.002	13.22	0.03	1241.9532	0.0017	0.01817	0.00056	8.9283	0.0018	0.00836	0.00049	3.7479	0.0008	< 0.00020	0	1.3372	0.0002	0.0613	0.00045	166.5768	0.00031	< 0.0010	0	24.5802	0.001	13630	10	13917.5052	0.1	150.4	0.8	379.7313	0.8	231.9	0.8	774.0133	0.4	93600	80	57707.0972	0.1	27.4	1.1	32.465	1.3	33.1	0.7	55.58	0.9	15.8	0.2	130.3937	0.4	662.4	2.1	944.8338	0.1	49.3	0.7	71.1035	1	4.1	0.4	10.3982	1.4	22.4	1	42.796	0.9
Bp.E1.Ee2.4.60-100.16	TQ Powders	7/2/2018 10:38	14.3632	0.0861	0.0033	5.8541	0.014	20.8	0.05	1000.4176	0.002	13.12	0.03	1200.5521	0.0017	0.01778	0.00055	8.7301	0.0018	0.00774	0.00049	3.4149	0.0008	< 0.00070	0	1.5545	0.00069	0.06132	0.00045	163.6496	0.00031	0.00106	0.00003	29.0956	0.00025	13650	10	13703.241	0.1	150.5	0.8	374.1916	0.8	227.9	0.8	749.2262	0.4	94640	80	57176.547	0.1	27.1	1.1	31.5928	1.3	33	0.7	54.4075	0.9	16.6	0.3	134.5031	0.4	667	2.1	933.5494	0.1	49.5	0.7	70.3825	1.1	4.7	0.4	11.2745	1.4	21.5	1	40.2705	0.9
Bp.E1.Ee2.2.60-100.16	TQ Powders	7/2/2018 10:51	13.821	0.0701	0.0028	5.7068	0.013	20.43	0.04	1037.8352	0.0019	12.43	0.03	1192.1396	0.0017	0.01463	0.00046	8.5896	0.0017	0.00808	0.00047	3.7289	0.00078	0.00337	0.00026	4.0585	0.00067	0.03559	0.00036	99.7735	0.00032	0.00044	0.00001	26.7921	0.00023	13850	10	14561.3086	0.1	135.1	0.7	351.2414	0.8	213.7	0.7	732.7271	0.4	91440	80	57815.1525	0.1	31.3	1	37.9531	1.3	32.1	0.7	55.2071	0.9	15.6	0.2	132.1642	0.4	673.4	2.1	982.2025	0.1	52.8	0.7	77.3709	1	5.6	0.4	13.2916	1.4	22	1	42.9308	0.9
Bp.E1.L.4.60-100.16	TQ Powders	7/2/2018 11:05	14.1033	0.0706	0.0028	5.6988	0.014	20.39	0.05	1019.6551	0.002	12.8	0.03	1213.5925	0.0017	0.01749	0.00054	8.9536	0.0018	0.00801	0.00048	3.6475	0.00079	0.00092	0.00012	2.2127	0.00069	0.05981	0.00044	164.7923	0.00031	0.00128	0.00003	30.1273	0.00025	13480	10	13957.2972	0.1	151.4	0.8	387.7085	0.8	231	0.8	781.9042	0.4	94060	80	58651.4482	0.1	31.5	1.1	37.5347	1.2	34.9	0.7	58.9019	0.9	16.1	0.3	133.3595	0.4	672.2	2.1	961.3858	0.1	50.7	0.7	73.2963	1	6	0.5	13.7134	1.4	22.2	1	42.4432	0.9
Bp.E1.T.4.60-100.16	TQ Powders	7/2/2018 11:19	14.1534	0.0733	0.0029	5.7115	0.014	20.41	0.05	1000.6289	0.0021	12.92	0.03	1207.553	0.0017	0.01444	0.00046	8.4576	0.0018	0.00713	0.00047	3.2763	0.0008	< 0.00020	0	0	0.0002	0.06249	0.00045	170.1349	0.0003	0.00101	0.00003	29.2403	0.00025	13440	10	13768.2592	0.1	150.1	0.8	380.7546	0.8	227.3	0.8	761.8277	0.4	93810	80	57771.1932	0.1	27.8	1.1	32.9379	1.2	33.5	0.7	56.1379	0.9	15.7	0.3	129.723	0.4	688.3	2.1	976.9939	0.1	51.5	0.7	73.8928	1.1	5.5	0.4	12.8836	1.4	23.3	1	44.3278	0.9
Bp.E1.L.2.60-100.16	TQ Powders	7/2/2018 11:33	14.0362	0.0808	0.0031	5.8219	0.014	20.69	0.05	1028.8524	0.0019	12.44	0.03	1171.448	0.0018	0.01657	0.00051	8.8372	0.0018	0.00825	0.00048	3.7435	0.00079	< 0.00068	-0.00021	1.6796	0.00068	0.03435	0.00035	94.9075	0.00032	< 0.0010	0	23.7462	0.001	13970	10	14479.5963	0.1	137.2	0.8	351.6209	0.8	219.1	0.8	741.0311	0.4	93060	80	57913.4074	0.1	28.4	1.1	33.882	1.2	34	0.7	57.5108	0.8	15.2	0.2	126.6691	0.4	677	2.1	970.072	0.1	50.9	0.7	73.6842	1.1	2.8	0.4	8.1778	1.4	22.2	1	42.5958	0.8
Bp.E1.T.2.60-100.16	TQ Powders	7/2/2018 11:47	13.9852	0.0375	0.0016	5.2707	0.014	20.49	0.05	1012.6665	0.002	12.34	0.03	1159.3768	0.0018	0.01493	0.00047	8.5736	0.0018	0.00751	0.00047	3.4346	0.00079	< 0.00069	-0.00037	1.7996	0.00068	0.03322	0.00035	91.9328	0.00031	0.00405	0.00007	43.4284	0.00022	13830	10	14362.5295	0.1	137.2	0.8	352.6753	0.8	215	0.8	728.9854	0.4	92590	80	57624.6575	0.1	27.9	1.1	33.3586	1.2	33	0.7	55.9558	0.8	15.8	0.2	131.5463	0.4	680.7	2.1	975.7492	0.1	51.7	0.7	74.8267	1.1	5.5	0.4	12.8995	1.4	21.7	1	41.6219	0.9
Bp.E1.Ee1.2.60-100.16	TQ Powders	7/2/2018 12:01	13.8021	0.0513	0.0021	5.4646	0.013	20.26	0.04	1033.9692	0.0019	12.31	0.03	1187.9647	0.0017	0.01476	0.00046	8.6517	0.0017	0.00745	0.00047	3.4915	0.00078	< 0.00020	0	1.3093	0.0002	0.03309	0.00035	93.3881	0.00031	0.00099	0.00003	29.5938	0.00022	13750	10	14544.0721	0.1	138.7	0.8	362.5955	0.8	217.7	0.8	751.4181	0.4	91850	80	58414.9262	0.1	32	1	38.9514	1.3	32.8	0.7	56.5022	0.9	15.9	0.2	134.4488	0.4	674.7	2.1	984.9257	0.1	50.8	0.7	74.7489	1	5.1	0.4	12.4403	1.4	22.1	1	43.1524	0.9
Bp.E1.Ee2.3.60-100.16	TQ Powders	7/2/2018 12:15	14.7682	0.0494	0.002	5.4196	0.013	19.31	0.04	953.939	0.002	12.6	0.03	1144.9869	0.0018	0.01467	0.00048	8.0714	0.0018	0.0077	0.00048	3.3945	0.00081	< 0.00020	0	1.3477	0.0002	0.05552	0.00043	145.6478	0.0003	0.00041	0.00001	26.0544	0.00024	13650	10	13435.5616	0.1	145.6	0.8	354.8081	0.8	215.6	0.8	694.1713	0.4	94900	80	56774.4707	0.1	30.7	1.1	34.8558	1.2	35.2	0.7	56.5873	0.8	15.7	0.3	124.8455	0.4	667.2	2.1	919.6747	0.1	49.9	0.7	69.7424	1.1	6.3	0.5	13.932	1.4	24	1	43.9047	0.9
Bp.E1.Ee1.3.60-100.16	TQ Powders	7/2/2018 12:29	16.1829	0.0544	0.0022	5.2099	0.029	29.09	0.07	912.9998	0.0042	14.81	0.03	1085.7602	0.0029	0.01836	0.00058	8.075	0.0026	0.00778	0.0005	3.1822	0.0011	< 0.00020	0	0.9871	0.0002	0.05631	0.00042	144.8438	0.00041	< 0.0010	0	21.859	0.001	12350	10	12416.0106	0.1	133.7	0.7	344.145	1	187.9	0.7	644.3629	0.5	96870	90	53250.5246	0.1	25.2	0.9	32.776	1.5	27.8	0.6	52.4526	1	12.7	0.2	113.3009	0.4	606.9	2	855.5612	0.1	46.5	0.7	65.8223	1.4	4.5	0.4	10.988	1.9	18.3	0.9	35.4971	1.1
Bp.E1.L.3.60-100.16	TQ Powders	7/2/2018 12:43	14.1442	0.0736	0.0029	5.7224	0.014	19.85	0.04	982.4954	0.0021	12.45	0.03	1181.7131	0.0018	0.01247	0.00042	8.0473	0.0018	0.00793	0.00047	3.6766	0.00079	< 0.00068	0	1.561	0.00067	0.05888	0.00043	163.361	0.00031	< 0.0010	0	23.1809	0.001	13540	10	14128.1507	0.1	165.7	0.8	426.7301	0.8	214.7	0.8	732.1222	0.4	95290	80	59530.6048	0.1	32.5	1.1	38.5371	1.2	34.1	0.7	57.2542	0.9	16.1	0.3	132.8	0.4	676.7	2.1	960.8864	0.1	49.7	0.7	71.3548	1.1	5.9	0.5	13.4508	1.4	24.9	1.1	47.2654	0.9
Bp.E1.Ee2.1.60-100.16	TQ Powders	7/2/2018 12:57	14.3067	0.0916	0.0035	5.9435	0.014	21.14	0.05	1034.9573	0.002	12.53	0.03	1158.6401	0.0018	0.01721	0.00054	8.7213	0.0018	0.00767	0.00048	3.4805	0.0008	< 0.00020	0	1.2224	0.0002	0.03346	0.00035	90.9989	0.00032	< 0.0010	0	22.8237	0.001	14160	10	14437.1271	0.1	138.6	0.8	349.5375	0.8	241.9	0.8	805.0173	0.4	95210	90	58312.3936	0.1	29.4	1.1	34.4551	1.2	34.6	0.7	57.5024	0.8	16.2	0.3	132.0297	0.4	667.2	2.1	940.012	0.1	52.1	0.7	74.1454	1	6.4	0.5	14.275	1.4	23.6	1	44.4297	0.9
Bp.E1.Ee1.1.60-100.16	TQ Powders	7/2/2018 13:25	14.251	0.0406	0.0017	5.294	0.014	20.98	0.05	1012.4197	0.002	12.36	0.03	1134.822	0.0019	0.0198	0.00059	9.122	0.0018	0.00889	0.0005	3.9266	0.0008	< 0.00020	0	1.382	0.0002	0.03529	0.00036	95.835	0.00032	0.00046	0.00001	26.6947	0.00023	14090	10	14367.4483	0.1	140.3	0.8	353.6304	0.8	249.1	0.8	829.4521	0.4	94430	80	57631.3108	0.1	34.6	1.1	40.6447	1.2	33.3	0.7	55.4049	0.9	15.9	0.3	129.8551	0.4	661.9	2.1	931.6354	0.1	51.8	0.7	73.4888	1	3.2	0.4	8.7822	1.4	22.2	1	41.8422	0.9
Bp.E1.L.1.60-100.16	TQ Powders	7/2/2018 13:39	14.0756	0.0438	0.0018	5.3517	0.014	20.41	0.05	1015.5128	0.002	12.21	0.03	1154.2721	0.0018	0.01567	0.00048	8.6846	0.0017	0.00781	0.00048	3.5752	0.00079	< 0.00068	-0.00059	1.9601	0.00068	0.03524	0.00035	98.07	0.00031	< 0.00022	-0.00009	25.5373	0.00022	13930	10	14536.5656	0.1	135.9	0.7	350.9523	0.8	242.6	0.8	826.4496	0.4	94270	80	58949.3335	0.1	34.8	1.1	41.4579	1.3	31.4	0.7	52.9796	0.9	16	0.2	132.8872	0.4	679	2.1	969.9202	0.1	51	0.7	73.7731	1.1	5	0.4	11.9571	1.4	21.7	1	41.5747	0.9
Bp.E1.T.3.60-100.16	TQ Powders	7/2/2018 13:53	14.1997	0.0831	0.0032	5.8449	0.014	20.44	0.05	1011.508	0.002	12.8	0.03	1203.6563	0.0017	0.01462	0.00047	8.2641	0.0018	0.00788	0.00048	3.583	0.00079	< 0.00020	0	1.2114	0.0002	0.05658	0.00043	154.9653	0.00031	< 0.0010	0	22.153	0.001	13500	10	13904.4774	0.1	149.5	0.8	380.6211	0.8	213.6	0.8	719.1402	0.4	94870	90	58755.8648	0.1	26.8	1.1	31.6652	1.2	35.5	0.7	59.4159	0.8	15.8	0.3	130.0514	0.4	659.8	2.1	936.6071	0.1	51.6	0.7	74.1093	1.1	5.9	0.5	13.5027	1.4	22.9	1	43.5106	0.8
Bp.E1.T.1.60-100.16	TQ Powders	7/2/2018 14:07	14.0948	0.0657	0.0026	5.6178	0.014	20.43	0.05	1004.0109	0.002	12.17	0.03	1140.3011	0.0018	0.0163	0.0005	8.7831	0.0017	0.00876	0.00049	3.9438	0.00079	0.0008	0.00011	2.1236	0.00068	0.03418	0.00035	94.5876	0.00032	0.00058	0.00002	27.6051	0.00023	13890	10	14425.8829	0.1	133.3	0.7	342.7726	0.8	235.7	0.8	799.2783	0.4	94150	80	58507.367	0.1	29.8	1.1	35.3359	1.2	33.2	0.7	55.8479	0.9	16	0.3	132.3242	0.4	681.8	2.1	970.2209	0.1	52	0.7	74.5877	1	5.5	0.4	12.9229	1.4	22	1	41.9259	0.9
JP.P.2.0-10.16	TQ Powders	7/2/2018 14:21	9.1814	0.02	0.0008	5.0869	0.011	12.71	0.03	692.6698	0.0065	26.74	0.04	2730.5966	0.00001	0.01405	0.00047	6.5625	0.0016	0.01915	0.0005	7.0617	0.0005	0.00327	0.00024	3.6335	0.00059	0.02247	0.00027	53.3901	0.00021	0.104	0.0004	414.0973	0.00011	3357	5	2960.5967	0.1	28.9	0.4	69.3555	0.5	72.4	0.5	217.8203	0.4	16020	20	9749.8601	0.1	6.1	0.5	11.0742	0.7	15.9	0.4	40.4103	0.5	2.8	0.1	37.1597	0.2	327.5	1.2	697.5051	0.1	10.1	0.3	23.42	0.7	2.2	0.3	8.4687	0.9	5.9	0.3	18.1205	0.4
JP.P.1.0-10.16	TQ Powders	7/2/2018 14:35	10.5663	< 0.0020	0	4.551	0.002	17.28	0.05	591.3113	0.011	31.56	0.04	2469.5575	0.00001	0.01903	0.00064	6.0691	0.0019	0.01967	0.0005	6.998	0.00053	0.00386	0.00022	3.9713	0.00063	0.01647	0.00022	40.3726	0.00022	0.05806	0.00029	242.8303	0.00014	2560	4	2427.4764	0.1	23.8	0.3	61.836	0.4	55.3	0.4	183.7573	0.4	14980	20	8304.2895	0.1	3.9	0.5	6.6374	0.8	14.4	0.3	35.7333	0.5	2.4	0.1	28.3563	0.3	295.9	1.3	517.1497	0.3	9.6	0.3	18.9881	1	1.5	0.2	6.2036	1.1	6.1	0.3	15.3156	0.6
JP.P.3.0-10.16	TQ Powders	7/2/2018 14:49	11.1183	< 0.0020	0	4.7815	0.002	20.66	0.05	663.8939	0.01	28.5	0.04	2115.3568	0.00001	0.01281	0.00046	5.442	0.0018	0.01628	0.00047	5.7056	0.00056	0.00153	0.00014	2.4869	0.00063	0.01754	0.00023	42.5403	0.00023	0.05483	0.00029	227.7491	0.00015	2939	5	2769.7381	0.1	28.3	0.3	72.7833	0.4	57.1	0.4	188.7335	0.4	15850	20	8600.5521	0.1	2.5	0.5	4.1269	0.8	11	0.3	26.6037	0.6	2.9	0.1	33.1626	0.3	339.9	1.4	576.9232	0.1	10	0.4	19.2219	1	2.3	0.3	7.9005	1.2	5.1	0.4	12.2794	0.6
JP.P.4.10-20.16	TQ Powders	7/2/2018 15:02	9.292	0.0404	0.0015	5.3815	0.011	14.78	0.03	794.7236	0.0053	24.59	0.03	2440.0533	0.00001	0.016	0.00049	7.2112	0.0016	0.02126	0.00052	7.9026	0.0005	0.00279	0.00022	3.3361	0.0006	0.02177	0.00026	52.1194	0.00022	0.0395	0.00026	161.7055	0.00015	4031	6	3590.1453	0.1	30.5	0.4	73.8582	0.5	85.3	0.5	258.7079	0.4	18430	20	11285.4629	0.1	2.7	0.5	4.8966	0.7	10.2	0.3	25.7046	0.5	2.5	0.1	32.8815	0.2	359.5	1.3	759.7339	0.1	12	0.3	26.9147	0.7	3.2	0.3	10.8915	0.9	7.1	0.3	21.5817	0.5
JP.P.2.0-10.04	TQ Powders	7/2/2018 15:16	9.5212	0.02302	0.00091	5.1363	0.011	14.21	0.03	769.9865	0.006	25.41	0.04	2541.0919	0.00001	0.01171	0.00037	6.7826	0.0016	0.01862	0.00051	6.8049	0.00053	0.00374	0.00026	3.9295	0.00061	0.0217	0.00027	51.3624	0.00022	0.03212	0.00024	131.1585	0.00016	3965	6	3484.4231	0.1	43.6	0.4	102.1485	0.5	73.1	0.5	218.5264	0.4	20290	20	12249.8912	0.1	3.9	0.5	6.7018	0.7	11.7	0.3	28.8648	0.5	2.3	0.1	30.0768	0.2	388.7	1.3	808.6315	0.1	14.2	0.4	31.1605	0.8	4.1	0.3	13.2322	1	4.5	0.3	13.3528	0.5
JP.P.3.10-20.16	TQ Powders	7/2/2018 15:30	9.8095	< 0.0020	0	4.7051	0.002	10.75	0.03	717.9308	0.0043	21.15	0.03	2380.7626	0.00001	0.01004	0.00034	6.0248	0.0014	0.01827	0.00047	7.0843	0.00043	0.00378	0.00022	4.1315	0.00051	0.01739	0.00023	44.5855	0.00019	0.02635	0.0002	116.0794	0.00014	3329	5	3183.5778	0.1	23.8	0.3	62.4554	0.4	61.5	0.4	200.1799	0.4	14250	20	9378.022	0.1	1.8	0.5	3.3544	0.6	8	0.3	21.3649	0.5	2.1	0.1	29.7705	0.2	319.6	1.2	713.1998	0.1	9.5	0.3	23.2037	0.7	3	0.3	10.6946	0.9	3.4	0.3	10.8629	0.4
JP.P.4.0-10.16	TQ Powders	7/2/2018 15:44	9.683	0.01704	0.00068	5.0912	0.0092	10.25	0.03	684.8586	0.0053	23.55	0.03	2732.4514	0.00001	0.01061	0.00038	5.9218	0.0015	0.01558	0.00045	6.0671	0.00047	0.00459	0.00024	4.6743	0.00054	0.01654	0.00022	42.3294	0.00019	0.07422	0.00034	319.0742	0.00011	2770	4	2639.341	0.1	23	0.3	60.0692	0.4	59	0.4	192.1202	0.4	14610	20	9603.7558	0.1	2.8	0.5	5.2935	0.6	13	0.3	35.0472	0.5	2.5	0.1	35.4506	0.2	301.4	1.1	672.7027	0.1	10.4	0.3	25.084	0.7	2.7	0.3	9.9637	0.9	4.1	0.3	13.1747	0.4
JP.P.2.10-20.16	TQ Powders	7/2/2018 15:58	9.1325	< 0.011	-0.0078	4.9104	0.011	12.18	0.03	673.7565	0.0066	27.85	0.04	2888.8937	0.00001	0.01909	0.00066	6.1941	0.0016	0.02012	0.00051	7.3356	0.00051	0.00336	0.00024	3.6836	0.00061	0.0187	0.00025	44.4162	0.00021	0.06491	0.00033	259.2008	0.00013	3096	5	2726.6185	0.1	39.5	0.4	91.3584	0.5	63.3	0.4	190.2848	0.4	15300	20	9311.4358	0.1	2.3	0.5	4.1797	0.7	13.1	0.3	33.5179	0.5	3	0.1	40.2295	0.2	235.7	1	506.9129	0.3	8.7	0.3	21.037	0.7	1.9	0.2	7.9039	0.8	3.9	0.3	12.1171	0.4
JP.E1.2.0-10.04	TQ Powders	7/2/2018 16:30	9.5889	< 0.0020	0	4.5112	0.002	12.93	0.03	691.6031	0.006	25.35	0.04	2473.4567	0.00001	0.01585	0.00058	5.6225	0.0016	0.02201	0.00054	7.6788	0.00048	0.00317	0.00023	3.4752	0.00059	0.02081	0.00026	46.7494	0.00021	0.00342	0.0001	16.3885	0.00016	3149	5	2605.519	0.1	22.8	0.3	51.3074	0.5	69.4	0.4	195.6178	0.4	15810	20	9012.0553	0.1	< 0.8	-0.8	1.3387	0.8	6.8	0.3	16.3866	0.5	1.1	0.1	13.9535	0.2	252.1	1.1	518.624	0.3	7.6	0.3	17.8701	0.7	1.7	0.2	7.2122	0.8	2.5	0.3	7.2797	0.5
JP.E1.3.0-10.04	TQ Powders	7/2/2018 16:45	9.3736	< 0.0020	0	4.4752	0.002	13.55	0.03	715.3638	0.0054	24.61	0.04	2399.1171	0.00001	0.01547	0.00052	6.2943	0.0016	0.02623	0.00057	9.3344	0.00047	0.00358	0.00025	3.7828	0.0006	0.02423	0.00028	56.0727	0.00021	0.00434	0.0001	20.6862	0.00016	3258	5	2799.5207	0.1	27.7	0.3	64.4819	0.5	75	0.5	219.8221	0.4	16420	20	9731.249	0.1	1.6	0.5	2.8458	0.7	6.5	0.3	16.0464	0.5	1.1	0.1	14.3189	0.2	302.2	1.2	634.9274	0.1	8.7	0.3	20.5193	0.7	2.5	0.3	9.2239	0.9	2.6	0.3	7.7286	0.5
JP.E1.3.0-10.04	TQ Powders	7/2/2018 16:59	9.0307	< 0.0020	0	4.5005	0.002	14.02	0.03	760.4633	0.0061	25.02	0.03	2549.589	0.00001	0.02368	0.00075	7.049	0.0016	0.03311	0.00062	12.3628	0.00046	0.00622	0.00032	5.6615	0.00061	0.02721	0.00028	67.0114	0.00021	0.00964	0.00014	44.5067	0.00017	3420	5	3160.8346	0.1	38.3	0.4	93.0463	0.5	89.7	0.5	283.097	0.4	18570	20	11815.4241	0.1	2.4	0.5	4.4905	0.7	7.1	0.3	18.5399	0.5	1.6	0.1	22.3594	0.2	238.7	1	515.4157	0.3	8.3	0.3	20.1384	0.7	1.7	0.2	7.3031	0.8	3.6	0.3	11.3449	0.5
JP.E1.1.10-20.04	TQ Powders	7/2/2018 17:14	9.0866	< 0.0020	0	4.5365	0.002	13.74	0.03	733.1086	0.006	25.02	0.04	2486.7301	0.00001	0.01795	0.00068	5.4804	0.0016	0.01902	0.00051	6.9326	0.0005	0.00479	0.00028	4.6154	0.0006	0.02081	0.00025	49.6313	0.0002	0.00293	0.00009	15.657	0.00016	2905	5	2581.9379	0.1	49.5	0.4	114.3219	0.5	59.1	0.4	179.5269	0.4	16000	20	9835.2551	0.1	< 0.3	-0.3	0.5867	0.3	6.8	0.3	17.6209	0.5	1.1	0.1	14.738	0.2	197.2	0.9	425.3867	0.4	7.7	0.3	18.7196	0.7	2.9	0.2	10.4864	0.8	2.7	0.3	8.4362	0.4
JP.E1.2.10-20.04	TQ Powders	7/2/2018 17:28	9.1392	< 0.0020	0	3.247	0.002	13.94	0.03	727.1953	0.0054	24.06	0.03	2341.9534	0.00001	0.00896	0.00035	5.1423	0.0015	0.0166	0.00048	6.0099	0.0005	0.00395	0.00026	4.0611	0.00059	0.01935	0.00025	45.901	0.00021	0.00173	0.00007	10.8659	0.00016	2991	5	2640.5171	0.1	35	0.4	82.3547	0.5	61.1	0.4	184.4425	0.4	16200	20	9874.5405	0.1	< 0.6	-0.6	1.0431	0.6	7.4	0.3	18.9271	0.5	1	0.1	13.1447	0.2	287	1.1	613.8036	0.2	8.6	0.3	20.3815	0.7	2.6	0.3	9.6996	0.9	2	0.3	6.39	0.5
JP.P.1.10-20.16	TQ Powders	7/2/2018 17:42	9.5626	0.0478	0.0018	5.6253	0.0091	9.745	0.025	653.0695	0.0052	22.49	0.03	2593.5985	0.00001	0.01362	0.00043	6.7731	0.0015	0.02097	0.0005	8.1416	0.00045	0.00265	0.0002	3.3361	0.00055	0.01692	0.00023	43.0228	0.00021	0.1754	0.0005	743.445	0.00001	3187	5	3001.6331	0.1	25.9	0.3	66.6087	0.4	83	0.5	266.4396	0.4	14890	20	9651.2766	0.1	5	0.5	9.4227	0.7	24.5	0.4	65.135	0.5	3.4	0.1	47.1236	0.2	323.6	1.2	714.2835	0.1	10.6	0.3	25.4419	0.7	2.7	0.3	9.9655	0.9	6.2	0.3	19.7291	0.4
JP.P.2.10-20.04	TQ Powders	7/2/2018 17:57	9.4983	< 0.0020	0	4.7857	0.002	15.13	0.04	778.2268	0.0048	22.38	0.03	2134.6304	0.00001	0.01429	0.00047	6.3439	0.0015	0.01601	0.00048	5.8837	0.00053	0.00303	0.00023	3.4814	0.0006	0.02012	0.00026	47.9113	0.00022	0.00857	0.00013	39.0631	0.00016	4286	6	3791.9502	0.1	35	0.4	82.5528	0.5	65.4	0.4	196.7434	0.4	20890	20	12683.1435	0.1	2.4	0.5	4.241	0.7	8.1	0.3	20.0222	0.5	2.1	0.1	27.1686	0.2	321.2	1.2	668.0305	0.1	12.7	0.3	28.3713	0.7	1.8	0.2	7.5511	0.9	4.2	0.3	12.5903	0.5
JP.P.3.0-10.04	TQ Powders	7/2/2018 18:11	9.531	< 0.0020	0	4.501	0.002	9.806	0.025	657.1439	0.0054	24.1	0.03	2824.9932	0.00001	0.01049	0.00038	5.8674	0.0015	0.01794	0.00048	6.9334	0.00047	0.00492	0.00026	4.8995	0.00055	0.01665	0.00022	42.5105	0.00019	0.01735	0.00017	77.5471	0.00014	2848	5	2715.4048	0.1	69.3	0.5	171.485	0.4	54.6	0.4	177.8241	0.4	14690	20	9660.2063	0.1	1.7	0.5	3.2875	0.7	8.7	0.3	23.6483	0.5	1.9	0.1	26.7471	0.2	301.7	1.1	676.3985	0.1	10.2	0.3	24.858	0.7	3.3	0.3	11.4562	0.9	3.4	0.3	11.2431	0.4
JP.P.4.0-10.04	TQ Powders	7/2/2018 18:25	9.2559	< 0.0020	0	3.4614	0.002	12.44	0.03	685.5055	0.0066	27.55	0.04	2824.3131	0.00001	0.00842	0.00029	6.1033	0.0016	0.01946	0.00051	7.0525	0.0005	0.00351	0.00025	3.7556	0.00061	0.01851	0.00025	43.3559	0.00021	0.03378	0.00024	134.7958	0.00015	3051	5	2645.7664	0.1	35.3	0.4	82.9304	0.5	60	0.4	177.7573	0.4	15650	20	9371.3296	0.1	2.1	0.5	3.7339	0.7	10.6	0.3	26.7494	0.5	2.1	0.1	27.3416	0.2	369.5	1.3	786.0065	0.1	10.9	0.3	25.1422	0.8	2.4	0.3	9.1303	1	4.7	0.3	14.3634	0.5
JP.P.1.10-20.04	TQ Powders	7/2/2018 18:40	9.2749	< 0.0020	0	4.5	0.002	12.83	0.03	699.3876	0.0064	26.55	0.04	2684.5924	0.00001	0.01439	0.00051	5.9758	0.0016	0.01672	0.00049	6.001	0.00051	0.00413	0.00027	4.1492	0.00059	0.01838	0.00024	43.1011	0.00021	0.01058	0.00015	45.0032	0.00016	3219	5	2796.5018	0.1	30.9	0.4	72.0786	0.5	57.8	0.4	171.1641	0.4	15980	20	9578.222	0.1	2.5	0.5	4.4326	0.7	7.5	0.3	18.8536	0.5	1.8	0.1	23.3363	0.2	287.1	1.1	607.5144	0.2	10.4	0.3	23.9837	0.7	1.9	0.2	7.8731	0.9	1.9	0.3	5.8867	0.4
JP.P.3.10-20.04	TQ Powders	7/2/2018 18:54	9.489	< 0.0020	0	4.6971	0.002	13.75	0.03	732.962	0.0053	24.59	0.04	2397.3441	0.00001	0.01398	0.00049	5.9154	0.0016	0.0162	0.00048	5.7675	0.0005	0.00285	0.00022	3.315	0.00058	0.02103	0.00026	48.3563	0.00021	0.00824	0.00013	35.4224	0.00016	3499	5	2975.4829	0.1	27.1	0.3	62.3793	0.5	58.5	0.4	169.4195	0.4	16810	20	9844.9115	0.1	1.7	0.5	2.9145	0.7	6.1	0.3	14.8906	0.5	2	0.1	25.713	0.2	294.2	1.2	611.4864	0.2	10.7	0.3	23.9737	0.7	3.4	0.3	11.2846	0.9	2.6	0.3	7.9178	0.5
JP.P.4.10-20.04	TQ Powders	7/2/2018 19:09	9.0804	< 0.011	-0.0026	4.8324	0.011	15.37	0.04	796.7411	0.0051	22.44	0.03	2152.8289	0.00001	0.01711	0.00056	6.289	0.0015	0.01715	0.00049	6.3205	0.0005	0.00561	0.00028	5.1753	0.00059	0.02151	0.00026	51.799	0.00021	0.01751	0.00018	74.3104	0.00016	3786	6	3398.7953	0.1	41.5	0.4	98.022	0.4	56.5	0.4	172.9695	0.4	16690	20	10314.2008	0.1	1.7	0.5	3.0622	0.7	8.4	0.3	21.4963	0.5	1.9	0.1	25.8037	0.2	269	1.1	577.4278	0.2	10.2	0.3	23.8654	0.7	3.2	0.3	11.1217	0.9	3.2	0.3	9.8397	0.5
It.N.4.60-100.04	TQ Powders	7/3/2018 12:25	10.8935	0.1218	0.0041	6.4924	0.011	23.56	0.05	1266.0506	0.00001	11.17	0.02	1056.9631	0.0013	0.00731	0.00021	8.3548	0.0014	0.01871	0.00052	8.0506	0.00059	0.00342	0.00023	4.1449	0.00057	0.02274	0.0003	65.2466	0.00032	0.00069	0.00002	18.4057	0.00021	15190	10	16280.4571	0.1					76.5	0.5	266.888	0.4	52000	50	34021.6024	0.1	4	0.7	6.0113	0.9	22.9	0.5	49.3916	0.6	19.2	0.2	205.3625	0.3	656.5	1.9	1164.0025	0.1	59.4	0.6	103.7971	0.9	6.2	0.4	16.4927	1.3	8.3	0.7	20.4135	0.7
Bo.P.4.0-10.04	TQ Powders	7/3/2018 12:40	12.035	< 0.0020	0	4.5934	0.002	14.77	0.04	757.756	0.0023	17.29	0.03	1766.4549	0.00001	0.02257	0.00069	8.7049	0.0017	0.03314	0.00067	13.6605	0.00061	0.00098	0.00012	2.258	0.00061	0.02109	0.00027	59.16	0.00026	0.01084	0.00013	69.4506	0.00018	9065	10	9569.9484	0.1					96.2	0.5	338.8903	0.3	69520	60	44990.7581	0.1	21.5	0.8	29.483	1.1	25.9	0.6	50.4718	0.8	5.1	0.2	49.4169	0.3	472.4	1.7	758.5511	0.1	28.3	0.5	46.8171	0.9	4.4	0.4	11.7437	1.2	7.6	0.5	16.6184	0.8
Bo.P.3.0-10.04	TQ Powders	7/3/2018 12:54	11.8888	< 0.0020	0	4.5661	0.002	14.6	0.04	732.2419	0.0023	17.11	0.03	1719.6997	0.00001	0.02226	0.00069	8.5348	0.0017	0.03462	0.00068	14.114	0.00061	0.00279	0.00022	3.5949	0.00061	0.02078	0.00027	57.9363	0.00026	0.01964	0.00018	109.4437	0.00018	8844	9	9290.9299	0.1					112.4	0.5	394.6063	0.3	67120	60	43091.5391	0.1	23.3	0.8	32.118	1.1	29.5	0.6	57.8691	0.7	5.7	0.2	55.098	0.3	463.2	1.7	743.5632	0.1	27.4	0.5	45.0578	0.9	4.3	0.4	11.4398	1.2	5.2	0.5	11.3684	0.7
Bo.P.2.0-10.04	TQ Powders	7/3/2018 13:09	12.0573	< 0.0020	0	4.6711	0.002	15.3	0.04	783.2715	0.0022	17.76	0.03	1796.0483	0.00001	0.02189	0.00067	8.7508	0.0017	0.03173	0.00067	12.9431	0.00064	0.00182	0.00019	2.8653	0.00062	0.02	0.00027	55.3153	0.00027	0.00838	0.00012	56.6961	0.00019	9673	10	10052.0187	0.1					107.6	0.5	372.329	0.4	68060	60	43469.1613	0.1	22.1	0.8	30.2907	1.1	25.7	0.6	49.9566	0.7	5.5	0.2	52.7177	0.3	496.8	1.7	796.8221	0.1	28.7	0.5	47.372	0.9	3.7	0.3	10.3849	1.2	8.9	0.5	19.3411	0.7
It.N.3.60-100.04	TQ Powders	7/3/2018 13:24	10.9146	0.1053	0.0036	6.2547	0.011	23.76	0.05	1271.7325	0.00001	10.77	0.02	1014.5743	0.0013	0.00936	0.00026	8.8514	0.0014	0.01793	0.00052	7.7117	0.00059	0.00401	0.00024	4.6031	0.00057	0.02325	0.0003	66.8237	0.00032	0.00082	0.00003	19.1855	0.00021	15120	10	16251.1775	0.1					74	0.5	258.7985	0.4	52580	50	34432.2515	0.1	3.9	0.7	5.9415	0.9	23.6	0.5	50.7015	0.7	18.3	0.2	195.1989	0.3	669	1.9	1181.4357	0.1	58.9	0.6	102.3268	0.9	6.2	0.4	16.3589	1.3	7.5	0.7	18.5081	0.7
Bo.P.1.0-10.04	TQ Powders	7/3/2018 13:38	12.2	< 0.0020	0	4.1866	0.002	15.3	0.04	743.6509	0.0023	17.14	0.03	1666.1698	0.00009	0.02776	0.00085	8.6348	0.0017	0.03327	0.00068	13.2854	0.00062	0.00229	0.0002	3.1818	0.00062	0.02014	0.00027	54.8015	0.00027	0.02163	0.00019	116.1956	0.00018	9438	10	9671.3136	0.1					126.7	0.6	433.31	0.3	68700	60	42894.2859	0.1	22.8	0.8	30.6621	1.1	26.3	0.6	50.2526	0.8	5.4	0.2	50.6557	0.3	391.6	1.5	614.1908	0.3	28.2	0.5	45.3846	0.9	4.6	0.4	11.9332	1.1	7.9	0.5	16.7419	0.7
Bp.E2.4.60-100.04	TQ Powders	7/3/2018 13:53	14.4055	0.0855	0.0033	5.9292	0.014	20.33	0.05	1053.3463	0.0021	10.87	0.02	1066.8495	0.002	0.02367	0.00072	9.2299	0.0017	0.00828	0.0005	3.8489	0.0008	0.00069	0.0001	2.0615	0.00068	0.02414	0.0003	70.2949	0.00031	< 0.0010	0	22.2329	0.001	13380	10	14568.2738	0.1					202.1	0.7	716.7326	0.4	103300	100	67185.3765	0.1	29.3	1.1	34.3354	1.2	37.8	0.8	62.6538	0.9	18.1	0.3	147.2333	0.4	552.4	1.9	782.4202	0.1	51.6	0.7	73.4904	1.1	5.6	0.4	12.8728	1.4	19.1	1.1	36.0194	0.9
Bp.E2.3.60-100.04	TQ Powders	7/3/2018 14:07	14.5803	0.0882	0.0035	5.9526	0.014	20.64	0.05	1054.9732	0.0021	11.29	0.03	1091.6139	0.002	0.0224	0.0007	8.8521	0.0018	0.00873	0.0005	4.0046	0.00081	< 0.00020	0	1.21	0.0002	0.02411	0.00031	68.9433	0.00031	< 0.0010	0	21.68	0.001	13520	10	14453.5856	0.1					200.3	0.7	698.0706	0.4	103900	100	66491.1114	0.1	32.1	1.1	37.1601	1.3	36.4	0.8	59.5862	0.9	18.9	0.3	151.8766	0.4	550.9	1.9	772.5446	0.1	51.4	0.7	72.7923	1.1	6.8	0.5	15.0493	1.4	21	1.1	39.0465	0.9
Bp.E2.2.60-100.04	TQ Powders	7/3/2018 14:22	14.386	0.0625	0.0026	5.6433	0.013	20.24	0.04	1067.2693	0.0021	11.2	0.02	1114.5214	0.002	0.0229	0.00071	9.1204	0.0018	0.00727	0.00049	3.4432	0.0008	< 0.00068	-0.00041	1.8497	0.00067	0.02338	0.0003	68.4384	0.00031	< 0.0010	0	19.6314	0.001	13280	10	14519.5342	0.1					193.9	0.7	690.2906	0.4	103200	100	67611.5581	0.1	27.5	1.2	32.2857	1.2	37.7	0.8	62.733	0.8	18.6	0.3	151.4488	0.4	550.2	1.9	783.7846	0.1	52.5	0.7	75.2251	1.1	6.5	0.4	14.604	1.3	18.9	1.1	35.9459	0.9
Bp.E2.1.60-100.04	TQ Powders	7/3/2018 14:37	14.7623	0.0533	0.0022	5.4768	0.014	21.1	0.05	1055.0261	0.0021	11.34	0.03	1072.9444	0.002	0.02276	0.00072	8.7591	0.0018	0.00809	0.00051	3.6524	0.00082	< 0.00020	0	1.1552	0.0002	0.02452	0.00031	68.8824	0.00031	< 0.0010	0	24.1715	0.001	13560	10	14244.1329	0.1					202.3	0.7	693.4178	0.4	104700	100	65815.0825	0.1	27.2	1.2	31.111	1.3	36.6	0.8	59.1805	0.9	17.9	0.3	142.305	0.4	548.7	1.9	759.505	0.1	53.1	0.7	74.1053	1.1	7.4	0.5	15.8412	1.4	19.6	1.1	36.1425	0.9
Bp.E2.4.40-100.04	TQ Powders	7/3/2018 14:51	16.2951	0.0749	0.0031	5.3702	0.029	30.04	0.07	945.9411	0.0044	13.06	0.03	952.327	0.0033	0.02393	0.00078	8.0498	0.0025	0.01016	0.00057	3.9284	0.0011	< 0.00020	0	1.4891	0.0002	0.02744	0.00032	70.4232	0.00041	< 0.0010	0	20.9422	0.001	12870	10	12823.8057	0.1					186.8	0.7	631.9276	0.4	110000	100	59926.4261	0.1	25.8	0.9	31.6946	1.5	30.4	0.7	53.9065	1	14.9	0.2	124.4292	0.4	522.2	1.9	704.1728	0.1	49.6	0.7	66.9794	1.4	6.5	0.4	13.9667	1.7	14.2	1	26.1844	1.1
Bp.E2.3.40-60.04	TQ Powders	7/3/2018 15:20	14.3171	0.0417	0.0018	5.3469	0.014	20.06	0.04	1037.9362	0.0022	10.91	0.02	1073.8586	0.002	0.02336	0.00073	9.1011	0.0017	0.0092	0.00051	4.2587	0.00079	< 0.00068	0	1.5627	0.00068	0.02454	0.0003	71.6476	0.0003	< 0.0010	0	28.1447	0.001	13350	10	14581.8091	0.1					197.9	0.7	703.992	0.4	102400	100	66711.4986	0.1	25.6	1.1	30.079	1.2	36.8	0.8	61.3312	0.9	18.3	0.3	149.1893	0.4	540.2	1.9	769.0906	0.1	49.1	0.7	70.8482	1.1	6.5	0.4	14.657	1.3	19.6	1.1	37.1018	0.9
Bp.E2.2.40-60.04	TQ Powders	7/3/2018 15:34	14.569	0.0655	0.0027	5.6354	0.014	20.37	0.05	1023.4611	0.0022	11.14	0.02	1067.5306	0.002	0.02158	0.00069	8.5692	0.0018	0.00868	0.00051	3.9179	0.00081	< 0.00069	-0.00041	1.8373	0.00068	0.02311	0.0003	65.9535	0.00031	0.00064	0.00001	31.2074	0.00021	13240	10	14139.1616	0.1					192	0.7	669.5042	0.4	103800	100	66174.066	0.1	31	1.1	35.7752	1.4	35.4	0.8	57.8224	0.9	18.3	0.3	146.7344	0.4	541.1	1.9	755.4034	0.1	50.7	0.7	71.2771	1.1	6.6	0.4	14.4903	1.3	18.2	1.1	33.7859	0.9
Bp.E2.1.40-60.04	TQ Powders	7/3/2018 15:49	15.0712	0.056	0.0023	5.4616	0.015	21.33	0.05	997.4302	0.0023	11.37	0.03	1020.0664	0.0021	0.02324	0.00075	8.4718	0.0018	0.01038	0.00055	4.3663	0.00083	< 0.00020	0	0.5998	0.0002	0.02539	0.00032	68.6216	0.00032	< 0.0010	0	20.1956	0.001	13410	10	13595.9206	0.1					199.3	0.7	661.6551	0.4	105500	100	63628.6202	0.1	28.4	1.2	31.6049	1.3	37.9	0.8	59.659	0.9	18	0.3	138.7351	0.4	541.4	2	726.1034	0.1	51.3	0.7	69.4343	1.1	6.7	0.5	14.3547	1.4	17.7	1.1	31.6688	0.9
Bp.E2.1.0-10.04	TQ Powders	7/3/2018 16:04	14.5779	0.0847	0.0033	5.8573	0.014	20.72	0.05	1016.4274	0.0022	11.31	0.03	1058.8175	0.002	0.03321	0.00091	10.5706	0.0018	0.01766	0.00061	7.4618	0.00079	< 0.00070	-0.00053	1.9202	0.0007	0.02785	0.00032	77.8171	0.00031	0.00072	0.00002	30.5762	0.00022	13140	10	13768.3178	0.1					202.6	0.7	694.3847	0.4	102300	100	64045.0089	0.1	32.1	1.1	36.9626	1.3	35.8	0.8	58.3813	0.9	17.6	0.3	140.2465	0.4	537.9	1.9	745.9126	0.1	49.5	0.7	69.3517	1.1	5.4	0.4	12.4013	1.3	17.4	1.1	32.1762	0.9
Bp.E2.2.0-10.04	TQ Powders	7/3/2018 16:18	14.4482	0.0634	0.0026	5.6113	0.014	20.38	0.05	1027.556	0.0022	11.23	0.03	1078.1623	0.002	0.03005	0.00085	10.1361	0.0017	0.01677	0.00059	7.2523	0.00078	0.0015	0.00017	2.6717	0.00068	0.02683	0.00031	76.4804	0.00031	< 0.0010	0	26.7628	0.001	13040	10	13931.3861	0.1					187.8	0.7	655.3708	0.4	102200	100	65235.8128	0.1	29.9	1.1	34.8562	1.3	35.9	0.8	59.2393	0.9	18	0.3	145.347	0.4	533.9	1.9	751.2074	0.1	48.4	0.7	68.8179	1.1	5.7	0.4	13.1548	1.3	17.8	1.1	33.3393	0.9
Bp.E2.3.0-10.04 	TQ Powders	7/3/2018 16:33	14.0745	0.0827	0.0033	5.9254	0.013	19.87	0.04	1059.2044	0.0021	11.05	0.02	1112.8448	0.0019	0.03462	0.00092	11.3732	0.0017	0.01609	0.00057	7.2714	0.00077	< 0.00067	0	1.5377	0.00067	0.02691	0.00031	79.7099	0.0003	< 0.00021	-0.00008	28.6963	0.00021	12990	10	14398.6673	0.1					192.1	0.7	693.8382	0.4	100300	100	66618.1279	0.1	29.5	1.1	35.3922	1.3	34.4	0.8	58.4045	0.9	17.7	0.3	147.9221	0.4	529.6	1.9	769.1694	0.1	49.3	0.7	72.1736	1	6.1	0.4	14.0277	1.3	18.7	1.1	36.1108	0.9
Bp.E2.4.0-10.04	TQ Powders	7/3/2018 16:48	15.2981	0.0454	0.0019	5.4058	0.013	18.65	0.04	967.7106	0.0021	10.87	0.03	993.5459	0.002	0.03283	0.00092	9.9875	0.0018	0.01656	0.00061	6.7359	0.00081	< 0.00020	0	1.3598	0.0002	0.02846	0.00033	75.7067	0.00032	< 0.0010	0	23.4763	0.001	13190	10	13089.2978	0.1					201.1	0.7	651.858	0.4	99280	90	60367.7962	0.1	27.7	1.1	30.5976	1.2	37.3	0.7	58.1672	0.8	17.5	0.3	135.3131	0.4	513.4	1.9	698.0682	0.1	46.6	0.7	64.5008	1.1	4.3	0.4	10.36	1.3	17.6	1	31.7711	0.8
Bp.E2.4.10-20.04	TQ Powders	7/3/2018 17:02	14.4674	0.0814	0.0032	5.8518	0.014	20.62	0.05	1044.7865	0.0021	11.11	0.02	1067.41	0.002	0.03074	0.00086	10.3377	0.0017	0.01496	0.00058	6.5086	0.00079	0.00099	0.00013	2.284	0.00068	0.02756	0.00032	78.6321	0.00031	< 0.00022	0	27.8822	0.00021	13190	10	14099.7896	0.1					198.2	0.7	691.6138	0.4	102500	100	65502.7799	0.1	25.8	1.1	30.0618	1.3	35.4	0.8	58.3925	0.9	18.1	0.3	145.9084	0.4	540.7	1.9	761.0084	0.1	50.7	0.7	71.7989	1.1	6.9	0.5	15.1409	1.3	17.4	1.1	32.6991	0.9
Bp.E2.3.10-20.04	TQ Powders	7/3/2018 17:16	14.0123	0.0748	0.003	5.8364	0.013	19.77	0.04	1070.3685	0.002	11	0.02	1122.139	0.0019	0.02992	0.00083	10.6109	0.0017	0.01344	0.00055	6.1753	0.00077	< 0.00020	0	1.3442	0.0002	0.02581	0.00031	77.2428	0.0003	< 0.0010	0	25.5055	0.001	13020	10	14569.6032	0.1					194	0.7	706.6337	0.4	100300	100	67259.8451	0.1	33.4	1.1	40.3646	1.3	35.4	0.8	60.4321	0.9	17.8	0.3	148.8832	0.4	536.2	1.9	783.9388	0.1	51.4	0.7	75.7099	1	7.1	0.4	16.0531	1.3	17.5	1.1	34.1181	0.9
Bp.E2.2.10-20.04	TQ Powders	7/3/2018 17:30	14.7015	0.032	0.0014	5.1975	0.014	20.74	0.05	1015.1446	0.0022	11.46	0.03	1071.4094	0.002	0.03261	0.0009	10.4248	0.0018	0.01432	0.00058	6.1239	0.0008	< 0.00020	0	0.9524	0.0002	0.02612	0.00031	72.7079	0.00031	< 0.0010	0	24.0347	0.001	13220	10	13789.6972	0.1					190.4	0.7	649.7467	0.4	103600	100	64554.9545	0.1	32.1	1.1	36.6405	1.3	36.1	0.8	58.3979	0.9	18.4	0.3	145.4597	0.4	540.2	1.9	744.2501	0.1	51.5	0.7	71.3142	1.1	6.4	0.4	14.1214	1.4	19.4	1.1	35.5867	0.9
Bp.E2.1.10-20.04	TQ Powders	7/3/2018 17:44	14.0759	0.0377	0.0017	5.3106	0.013	19.76	0.04	1052.7046	0.0021	10.86	0.02	1095.3072	0.0019	0.03212	0.00087	10.9998	0.0017	0.01333	0.00055	6.1131	0.00077	< 0.00020	0	1.2794	0.0002	0.02674	0.00031	79.5718	0.0003	< 0.0010	0	27.1534	0.001	13030	10	14510.337	0.1					197.2	0.7	715.3397	0.4	100700	100	67060.0895	0.1	30.8	1.1	36.9806	1.3	35.2	0.8	59.791	0.9	17.6	0.3	146.2272	0.4	540.5	1.9	783.8343	0.1	50.8	0.7	74.0941	1.1	5	0.4	12.1785	1.3	18.8	1.1	36.3716	0.9
Bp.E2.1.20-40.04	TQ Powders	7/3/2018 17:58	14.0714	0.0399	0.0017	5.3401	0.013	19.61	0.04	1043.4598	0.0022	10.76	0.02	1086.7897	0.0019	0.02766	0.00079	10.1311	0.0017	0.01156	0.00053	5.3438	0.00078	0.00072	0.00011	2.1059	0.00067	0.02473	0.0003	73.8712	0.0003	< 0.0010	0	21.8117	0.001	12950	10	14469.7948	0.1					192.5	0.7	700.8374	0.4	101000	100	67416.5923	0.1	30.1	1.1	36.1144	1.3	36.7	0.8	62.2765	0.9	17.9	0.3	148.8591	0.4	538.8	1.9	781.9592	0.1	51	0.7	74.4638	1	5.6	0.4	13.277	1.3	17.8	1.1	34.4393	0.9
JP.E1.3.10-20.04	TQ Powders	7/3/2018 12:11	9.2888	< 0.010	-0.0026	4.8309	0.01	14.86	0.03	774.5706	0.0052	23.15	0.03	2211.5538	0.00001	0.01349	0.00049	5.5381	0.0015	0.01789	0.0005	6.4339	0.0005	0.00416	0.00027	4.1615	0.00059	0.02372	0.00027	55.2973	0.00021	0.00239	0.00008	13.27	0.00017	3270	5	2833.1341	0.1					72.8	0.5	215.1484	0.4	16250	20	9716.5581	0.1	1.5	0.5	2.6161	0.7	5.6	0.3	14.1289	0.5	0.9	0.1	11.6726	0.2	265.4	1.1	559.8999	0.3	8.4	0.3	20.0475	0.7	2.3	0.2	8.8723	0.9	2.8	0.3	8.6571	0.5
