McMahon_VgN
Element	Method	Eval Date	Mass coefficient.	Mg	Mg	Mg	Mg	Al	Al	Al	Al	Si	Si	Si	Si	P	P	P	P	S	S	S	S	Cl	Cl	Cl	Cl	K	K	K	K	Ca	Ca	Ca	Ca	Ti	Ti	Ti	Ti	Mn	Mn	Mn	Mn	Fe	Fe	Fe	Fe	Cu	Cu	Cu	Cu	Zn	Zn	Zn	Zn	Sr	Sr	Sr	Sr	Zr	Zr	Zr	Zr	Nb	Nb	Nb	Nb	Mo	Mo	Mo	Mo	Pb	Pb	Pb	Pb	
Dimension			cm²/g	%	Abs. Error ( %)	Norm. Int.	%	%	Abs. Error ( %)	Norm. Int.	%	%	Abs. Error ( %)	Norm. Int.	%	%	Abs. Error ( %)	Norm. Int.	%	%	Abs. Error ( %)	Norm. Int.	%	%	Abs. Error ( %)	Norm. Int.	%	%	Abs. Error ( %)	Norm. Int.	%	%	Abs. Error ( %)	Norm. Int.	%	µg/g	Abs. Error ( µg/g)	Norm. Int.	µg/g	µg/g	Abs. Error ( µg/g)	Norm. Int.	µg/g	µg/g	Abs. Error ( µg/g)	Norm. Int.	µg/g	µg/g	Abs. Error ( µg/g)	Norm. Int.	µg/g	µg/g	Abs. Error ( µg/g)	Norm. Int.	µg/g	µg/g	Abs. Error ( µg/g)	Norm. Int.	µg/g	µg/g	Abs. Error ( µg/g)	Norm. Int.	µg/g	µg/g	Abs. Error ( µg/g)	Norm. Int.	µg/g	µg/g	Abs. Error ( µg/g)	Norm. Int.	µg/g	µg/g	Abs. Error ( µg/g)	Norm. Int.	µg/g	
Vg.N.D.3.0-10.16	TQ Powders	11/16/2017 8:39:24 AM	13.4671	0.0531	0.0022	5.4955	0.014	17.75	0.04	918.8389	0.0026	13.17	0.03	1325.0152	0.0017	0.02684	0.00065	12.7638	0.0017	0.08051	0.00097	34.0293	0.00060	0.00878	0.00038	8.2950	0.00070	0.02515	0.00029	72.7100	0.00027	0.01098	0.00013	78.6905	0.00019	10520	10	11426.7442	0.1	151.2	0.6	542.7019	0.3	91420	80	60134.4838	0.1	4.8	0.9	5.9687	1.3	27.2	0.7	47.9235	0.9	10.3	0.2	89.0868	0.4	862.2	2.4	1274.9493	0.1	56.4	0.7	83.4841	1.0	8.0	0.5	17.7832	1.5	13.3	0.8	26.3762	0.9	
Vg.N.A.3.0-10.16	TQ Powders	11/16/2017 8:53:19 AM	13.5398	0.0576	0.0024	5.5757	0.014	17.78	0.04	945.7653	0.0026	12.51	0.03	1287.3081	0.0018	0.02608	0.00064	12.9217	0.0017	0.07921	0.00097	34.3470	0.00061	0.00757	0.00036	7.5065	0.00069	0.02937	0.00030	86.8517	0.00027	0.01141	0.00013	83.5813	0.00019	10420	10	11576.7187	0.1	146.7	0.6	537.6976	0.3	94750	80	63711.2406	0.1	4.7	0.9	5.8156	1.3	28.4	0.7	49.9494	0.9	10.4	0.2	89.9639	0.4	881.7	2.4	1303.8002	0.1	57.2	0.7	84.4829	1.0	8.3	0.5	18.3385	1.5	16.4	0.8	32.6157	0.9	
Vg.N.B.3.0-10.16	TQ Powders	11/16/2017 9:07:13 AM	13.4483	0.0292	0.0013	5.1827	0.014	17.44	0.04	907.0258	0.0025	13.42	0.03	1359.9513	0.0016	0.02524	0.00063	12.2419	0.0017	0.07774	0.00096	33.0022	0.00059	0.00805	0.00036	7.7463	0.00068	0.03417	0.00032	98.7314	0.00027	0.00737	0.00010	61.2948	0.00020	10060	10	10948.8039	0.1	142.4	0.6	512.9571	0.3	91490	80	60397.0802	0.1	8.7	0.9	10.8965	1.2	30.4	0.7	53.7199	0.9	10.7	0.2	92.4771	0.4	836.9	2.3	1237.7358	0.1	55.9	0.7	82.9236	1.0	7.3	0.5	16.5412	1.5	16.8	0.7	33.3407	0.9	
Vg.N.C.3.0-10.16	TQ Powders	11/16/2017 9:21:41 AM	13.7559	0.0685	0.0028	5.6832	0.014	17.72	0.04	905.2740	0.0027	13.53	0.03	1348.6624	0.0017	0.03181	0.00078	12.6845	0.0018	0.07389	0.00096	30.8894	0.00062	0.00808	0.00037	7.6751	0.00070	0.03513	0.00033	99.9328	0.00027	0.01901	0.00017	116.7425	0.00020	9966	10	10682.5729	0.1	143.0	0.6	507.6678	0.3	94540	80	61397.6851	0.1	7.0	0.9	8.5323	1.3	27.7	0.7	47.7680	0.9	12.6	0.2	107.0182	0.4	770.1	2.2	1117.9880	0.1	51.7	0.7	75.7724	1.0	7.8	0.5	17.1954	1.4	16.8	0.8	32.6225	0.9	
Vg.N.3.10-20.16	TQ Powders	11/16/2017 9:36:18 AM	13.9123	< 0.014	(0.0089)	4.9125	0.014	18.63	0.04	955.0105	0.0025	12.65	0.03	1252.1058	0.0018	0.01441	0.00040	10.6555	0.0018	0.05951	0.00088	25.0876	0.00066	0.00641	0.00034	6.4320	0.00070	0.01876	0.00026	53.9655	0.00028	0.00127	0.00003	32.6934	0.00019	11060	10	11913.5149	0.1	145.2	0.6	515.5034	0.4	96680	80	62903.8369	0.1	5.5	0.9	6.6602	1.3	29.8	0.7	50.8318	0.9	9.6	0.2	80.7705	0.4	921.4	2.5	1323.2531	0.1	58.6	0.7	84.6151	1.0	7.5	0.5	16.5308	1.6	17.9	0.8	34.5336	0.9	
Vg.N.4.20-40.16	TQ Powders	11/16/2017 9:50:39 AM	14.1707	0.0320	0.0014	5.2217	0.014	19.32	0.04	1011.0845	0.0025	10.05	0.02	1009.6484	0.0021	0.01290	0.00039	9.7273	0.0017	0.05287	0.00084	23.2932	0.00068	0.00331	0.00028	4.1797	0.00068	0.01383	0.00024	41.8522	0.00028	< 0.0010	(0.0)	26.5578	0.00100	11160	10	12593.6259	0.1	137.2	0.6	508.6699	0.3	104300	100	70363.0746	0.1	4.2	0.9	5.0037	1.3	28.0	0.7	47.0949	0.9	9.7	0.2	79.4944	0.4	844.0	2.4	1197.3106	0.1	59.5	0.7	84.8071	1.0	9.6	0.5	20.0480	1.5	17.9	0.8	33.9123	0.9	
Vg.N.3.20-40.16	TQ Powders	11/16/2017 10:05:03 AM	13.9181	0.0451	0.0019	5.3847	0.014	19.08	0.04	977.4835	0.0024	11.73	0.03	1156.5769	0.0019	0.00978	0.00029	10.0118	0.0017	0.05204	0.00083	22.1432	0.00068	0.00407	0.00030	4.6682	0.00069	0.01375	0.00024	40.1276	0.00028	< 0.0010	(0.0)	25.7648	0.00100	10470	10	11407.4455	0.1	124.3	0.5	447.4159	0.3	98120	90	64511.1965	0.1	5.8	0.9	6.9809	1.3	26.1	0.7	44.5031	0.9	9.9	0.2	82.7687	0.4	946.4	2.5	1359.5163	0.1	55.8	0.7	80.5375	1.0	8.3	0.6	17.9975	1.6	16.6	0.8	32.0119	0.9	
Vg.N.2.20-40.16	TQ Powders	11/16/2017 10:19:25 AM	14.3797	0.0418	0.0018	5.3207	0.014	19.67	0.04	972.6900	0.0025	11.97	0.03	1140.2998	0.0020	< 0.00030	(0.0)	7.9064	0.00030	0.05141	0.00085	21.2493	0.00071	0.00428	0.00030	4.7274	0.00071	0.01312	0.00024	37.1462	0.00029	< 0.0010	(0.0)	21.7824	0.00100	11200	10	11828.3051	0.1	145.2	0.6	505.2720	0.4	101100	100	64238.8826	0.1	4.8	0.9	5.6095	1.3	30.3	0.7	50.0515	0.9	8.7	0.2	70.6089	0.4	1121	3	1558.6553	0.1	62.5	0.7	87.3419	1.0	9.6	0.6	19.7513	1.7	19.3	0.8	35.9554	0.9	
Vg.N.1.20-40.16	TQ Powders	11/16/2017 10:33:49 AM	14.9474	0.0285	0.0013	5.1617	0.015	19.62	0.05	987.5931	0.0027	10.04	0.02	977.0207	0.0023	< 0.00030	(0.0)	8.1102	0.00030	0.05425	0.00087	23.1896	0.00073	0.00499	0.00032	5.4221	0.00071	0.01430	0.00025	42.1022	0.00029	< 0.0010	(0.0)	28.7805	0.00100	11650	10	12798.2985	0.1	152.1	0.6	548.1419	0.4	112600	100	73529.8980	0.1	7.1	1.0	8.0304	1.4	32.1	0.8	51.2234	1.0	9.0	0.3	70.2747	0.4	1117	3	1505.2830	0.1	65.7	0.8	88.5210	1.1	9.1	0.6	18.4469	1.8	17.2	0.9	30.9793	1.0	
Vg.N.4.10-20.16	TQ Powders	11/16/2017 10:48:12 AM	13.9943	0.01775	0.00080	5.0302	0.014	19.05	0.04	981.3253	0.0025	11.60	0.03	1149.2318	0.0019	0.01638	0.00045	10.6971	0.0017	0.05569	0.00085	23.7951	0.00068	0.00597	0.00033	6.1613	0.00070	0.01691	0.00025	49.4681	0.00028	0.00294	0.00005	41.9255	0.00018	11100	10	12140.0513	0.1	141.9	0.6	511.2218	0.4	99270	90	65323.8964	0.1	5.6	0.9	6.7678	1.2	28.9	0.7	49.1436	0.9	8.4	0.2	69.7878	0.4	880.5	2.4	1259.2458	0.1	60.7	0.7	86.9039	1.0	8.3	0.5	17.9031	1.6	16.6	0.8	31.9239	0.9	
Vg.N.2.10-20.16	TQ Powders	11/16/2017 11:02:34 AM	13.5957	0.0250	0.0011	5.1279	0.014	18.27	0.04	949.8434	0.0025	12.18	0.03	1224.5376	0.0018	0.01625	0.00045	10.7515	0.0017	0.05631	0.00085	24.2645	0.00066	0.00428	0.00029	4.8708	0.00069	0.01548	0.00024	45.5981	0.00027	< 0.0010	(0.0)	26.2519	0.00100	10280	10	11331.4934	0.1	132.7	0.5	483.2467	0.3	94800	80	63094.2706	0.1	6.5	0.9	7.9520	1.2	27.2	0.7	47.4382	0.9	7.9	0.2	68.0103	0.4	867.9	2.4	1271.0295	0.1	55.5	0.7	81.4447	1.0	8.1	0.5	17.8956	1.5	19.0	0.7	37.3292	0.9	
Vg.N.1.10-20.16	TQ Powders	11/16/2017 11:16:58 AM	14.0007	0.0390	0.0017	5.3219	0.014	18.89	0.04	996.5243	0.0024	11.66	0.03	1179.2905	0.0019	0.01851	0.00052	10.8399	0.0017	0.05372	0.00084	23.3042	0.00068	0.00529	0.00032	5.6951	0.00069	0.01599	0.00025	47.4150	0.00028	0.00162	0.00003	35.6907	0.00018	10860	10	12032.2915	0.1	149.4	0.6	544.5413	0.3	100500	100	67092.9821	0.1	8.2	0.9	9.8160	1.2	31.8	0.7	54.1844	0.8	8.4	0.2	70.2335	0.4	838.3	2.4	1207.0053	0.1	58.5	0.7	84.5340	1.0	8.2	0.5	17.7769	1.5	17.9	0.8	34.5033	0.9	
Vg.N.A.1.0-10.16	TQ Powders	11/16/2017 11:43:43 AM	13.5684	0.0704	0.0029	5.7552	0.014	17.60	0.04	942.7687	0.0026	11.96	0.03	1242.6494	0.0018	0.02887	0.00071	13.0131	0.0017	0.07433	0.00094	32.7094	0.00062	0.01022	0.00039	9.7336	0.00070	0.02087	0.00027	62.8804	0.00027	0.02060	0.00017	131.5662	0.00018	10250	10	11575.3415	0.1	167.5	0.6	623.6092	0.3	96410	80	65686.7152	0.1	7.9	0.9	9.7707	1.3	32.3	0.7	56.6540	0.9	9.8	0.2	84.3865	0.4	822.4	2.3	1212.7452	0.1	55.4	0.7	81.7731	0.9	8.3	0.5	18.2738	1.5	15.6	0.8	30.9569	0.9	
Vg.N.C.1.0-10.16	TQ Powders	11/16/2017 11:58:06 AM	13.9465	0.0321	0.0014	5.2162	0.014	17.83	0.04	920.2514	0.0027	12.47	0.03	1255.8326	0.0018	0.01438	0.00039	11.1167	0.0018	0.06881	0.00093	29.3567	0.00064	0.00533	0.00032	5.6687	0.00071	0.01899	0.00027	55.4786	0.00029	0.00592	0.00009	56.3661	0.00019	11300	10	12359.3565	0.1	157.6	0.6	567.1303	0.4	98490	90	64733.6359	0.1	8.1	0.9	9.7075	1.3	32.1	0.7	54.7721	0.9	9.1	0.2	76.1738	0.4	972.6	2.5	1393.2081	0.1	59.5	0.7	85.7635	1.0	6.8	0.5	15.3243	1.6	16.9	0.8	32.4498	0.9	
Vg.N.D.1.0-10.16	TQ Powders	11/16/2017 12:12:30 PM	13.1395	0.0457	0.0019	5.4131	0.014	16.90	0.04	897.5268	0.0026	12.55	0.03	1303.0876	0.0017	0.02189	0.00055	12.3616	0.0017	0.07642	0.00094	33.4958	0.00059	0.00790	0.00036	7.8328	0.00069	0.02360	0.00028	70.6823	0.00026	0.01175	0.00013	84.9450	0.00018	10050	10	11319.2403	0.1	146.8	0.6	546.2308	0.3	90310	80	61376.5984	0.1	7.4	0.9	9.3748	1.1	31.2	0.7	56.2969	0.7	9.4	0.2	82.8509	0.4	888.3	2.4	1338.5472	0.1	52.5	0.7	79.6487	0.9	7.5	0.5	17.1421	1.5	16.3	0.7	33.0442	0.8	
Vg.N.A.2.0-10.16	TQ Powders	11/16/2017 12:26:56 PM	14.5563	0.0557	0.0023	5.4353	0.015	18.88	0.05	861.5915	0.0029	13.43	0.03	1209.2517	0.0019	0.01911	0.00052	11.6538	0.0018	0.08330	0.00100	32.2291	0.00063	0.00591	0.00035	5.6903	0.00074	0.03005	0.00032	79.4739	0.00028	0.03168	0.00022	165.5484	0.00019	10690	10	10666.0799	0.1	194.6	0.7	643.9682	0.3	98420	90	58932.1198	0.1	9.3	0.9	10.6610	1.3	29.8	0.7	48.1904	0.9	12.0	0.2	95.0842	0.4	1027	3	1385.0876	0.1	62.7	0.7	84.8458	1.0	8.6	0.6	17.5799	1.7	17.3	0.8	31.3634	0.9	
Vg.N.C.2.0-10.16	TQ Powders	11/16/2017 12:41:22 PM	13.9065	0.0448	0.0019	5.3666	0.014	18.46	0.04	924.0741	0.0026	13.27	0.03	1290.4314	0.0018	0.00618	0.00019	10.4412	0.0018	0.06976	0.00094	28.7806	0.00065	0.00724	0.00036	6.9521	0.00072	0.01828	0.00026	51.5344	0.00028	0.00274	0.00005	38.7234	0.00019	10270	10	10855.4735	0.1	148.1	0.6	518.3946	0.3	95120	80	60891.0988	0.1	6.1	0.9	7.3097	1.2	28.4	0.7	48.3993	0.8	8.5	0.2	71.2303	0.4	1085	3	1550.2903	0.1	59.2	0.7	84.9934	1.0	8.0	0.6	17.3715	1.7	19.6	0.7	37.6878	0.9	
Vg.N.D.2.0-10.16	TQ Powders	11/16/2017 12:55:45 PM	13.3729	0.0430	0.0018	5.3664	0.014	17.39	0.04	906.4906	0.0026	13.21	0.03	1342.1695	0.0016	0.02096	0.00052	12.5585	0.0017	0.08391	0.00099	35.8203	0.00059	0.00666	0.00034	6.7006	0.00070	0.02131	0.00027	62.1361	0.00027	0.01032	0.00012	75.2940	0.00018	9996	10	10943.8163	0.1	144.1	0.6	522.2240	0.3	91110	80	60456.7674	0.1	7.7	0.9	9.6115	1.2	28.8	0.7	51.1078	0.8	8.5	0.2	73.6670	0.4	957.1	2.5	1422.2012	0.1	54.0	0.7	80.7341	1.0	7.5	0.5	16.9672	1.6	19.1	0.7	38.2236	0.8	
Vg.N.A.4.0-10.16	TQ Powders	11/16/2017 1:10:08 PM	13.8808	0.0471	0.0020	5.4212	0.014	19.05	0.04	989.2934	0.0024	12.20	0.03	1213.9079	0.0019	0.02045	0.00055	11.5107	0.0018	0.06734	0.00092	28.6070	0.00064	0.00749	0.00036	7.3179	0.00069	0.01951	0.00027	56.6114	0.00028	0.00206	0.00004	36.9523	0.00019	10600	10	11526.2937	0.1	143.4	0.6	514.2801	0.3	97390	90	64091.6008	0.1	7.8	0.9	9.4853	1.2	30.6	0.7	52.4351	0.8	9.1	0.2	76.8007	0.4	878.0	2.4	1267.6305	0.1	56.5	0.7	81.9603	1.0	7.6	0.5	16.8133	1.5	18.1	0.8	34.9782	0.8	
Vg.N.B.4.0-10.16	TQ Powders	11/16/2017 1:24:33 PM	14.0409	0.0488	0.0021	5.4395	0.014	18.25	0.04	947.4717	0.0027	11.90	0.03	1198.5559	0.0019	0.02750	0.00068	12.8761	0.0018	0.08046	0.00098	34.4464	0.00062	0.00818	0.00037	7.9284	0.00070	0.03924	0.00034	114.7098	0.00027	0.03181	0.00022	184.3563	0.00020	10640	10	11700.8901	0.1	149.7	0.6	542.5857	0.3	100700	100	66643.2138	0.1	3.2	1.0	3.8283	1.3	30.3	0.7	51.2347	0.9	13.8	0.3	114.2640	0.4	879.6	2.4	1255.4898	0.1	56.8	0.7	81.4617	1.0	7.9	0.5	17.1206	1.5	14.2	0.8	27.1568	0.9	
Vg.N.C.4.0-10.16	TQ Powders	11/16/2017 1:38:57 PM	13.9530	0.0493	0.0021	5.4517	0.014	18.54	0.04	965.4675	0.0026	11.63	0.03	1170.0513	0.0019	0.02824	0.00068	13.2935	0.0017	0.07599	0.00096	32.6653	0.00063	0.00740	0.00036	7.3352	0.00071	0.02356	0.00028	69.3816	0.00028	0.00968	0.00011	75.7470	0.00019	10930	10	12078.7150	0.1	160.7	0.6	584.4763	0.3	99760	90	66283.8402	0.1	8.0	0.9	9.5972	1.3	30.3	0.7	51.7009	0.9	9.1	0.2	76.1745	0.4	907.6	2.5	1303.2713	0.1	55.7	0.7	80.3584	1.0	7.9	0.5	17.2214	1.6	14.6	0.8	28.1887	0.9	
Vg.N.D.4.0-10.16	TQ Powders	11/16/2017 1:53:23 PM	13.9144	0.0478	0.0020	5.4186	0.014	18.92	0.04	968.0328	0.0025	12.02	0.03	1185.1516	0.0019	0.01889	0.00049	11.8413	0.0017	0.06921	0.00093	29.2648	0.00064	0.00838	0.00037	7.9735	0.00070	0.01944	0.00027	56.2195	0.00028	0.00304	0.00005	41.6640	0.00019	10730	10	11636.7432	0.1	144.9	0.6	518.2679	0.3	97450	90	63738.9140	0.1	8.3	0.9	10.0232	1.2	29.9	0.7	51.0011	0.8	8.6	0.2	71.9325	0.4	958.3	2.5	1375.4720	0.1	59.6	0.7	85.9678	1.0	8.4	0.6	18.1944	1.6	17.6	0.8	33.9471	0.9	
Bp.E2.T.1.0-10.16	TQ Powders	11/16/2017 2:07:48 PM	13.6031	0.0924	0.0036	6.0920	0.013	19.31	0.04	1052.4469	0.0020	12.23	0.03	1256.6397	0.0017	0.03894	0.00097	12.3625	0.0017	0.02440	0.00063	10.8488	0.00073	0.00066	0.00010	2.0530	0.00060	0.03273	0.00033	96.6473	0.00030	0.04430	0.00027	245.7419	0.00020	12810	10	14139.2084	0.1	188.9	0.7	680.1777	0.4	93420	80	62295.9886	0.1	23.1	1.1	28.6831	1.2	37.5	0.8	65.8089	0.8	25.7	0.3	222.2736	0.4	522.7	1.8	783.2881	0.1	50.3	0.7	75.5871	1.0	7.0	0.4	16.0888	1.3	17.7	1.0	35.4887	0.8	
Bp.E2.Ee2.1.0-10.16	TQ Powders	11/16/2017 2:22:12 PM	14.1079	0.0949	0.0037	6.0799	0.013	20.21	0.04	1062.3919	0.0019	12.58	0.03	1242.8302	0.0017	0.03006	0.00083	10.3547	0.0017	0.01923	0.00061	8.3157	0.00076	0.00201	0.00020	3.0641	0.00068	0.02625	0.00031	74.9269	0.00031	0.00343	0.00006	43.0758	0.00021	13320	10	14202.7150	0.1	186.5	0.7	648.7626	0.4	97240	90	62657.8760	0.1	27.0	1.1	32.2806	1.2	36.8	0.7	62.3751	0.8	20.0	0.3	166.4133	0.4	538.1	1.9	780.8089	0.1	49.8	0.7	72.9510	1.0	6.7	0.4	15.0851	1.3	17.7	1.1	34.3550	0.9	
Bp.E2.L.1.0-10.16	TQ Powders	11/16/2017 2:45:25 PM	13.9692	0.0603	0.0024	5.6168	0.013	19.89	0.04	1054.3881	0.0020	12.67	0.03	1263.9890	0.0017	0.02816	0.00081	10.0313	0.0017	0.02317	0.00064	9.9643	0.00075	0.00258	0.00023	3.5100	0.00068	0.02822	0.00032	81.0288	0.00031	0.00453	0.00008	48.3317	0.00022	13210	10	14185.7664	0.1	197.4	0.7	691.3046	0.4	96050	80	62327.0221	0.1	25.8	1.1	31.1964	1.3	37.7	0.8	64.4332	0.9	22.4	0.3	188.8679	0.4	534.0	1.9	780.7792	0.1	49.0	0.7	72.0719	1.0	5.4	0.4	12.8183	1.3	14.8	1.1	29.0443	0.9	
Bp.E2.Ee1.1.0-10.16	TQ Powders	11/16/2017 2:59:52 PM	14.2748	0.0845	0.0033	5.9029	0.014	20.53	0.05	1047.8020	0.0020	12.91	0.03	1242.2820	0.0018	0.03253	0.00089	10.5075	0.0018	0.02660	0.00068	11.0808	0.00075	0.00148	0.00018	2.6297	0.00069	0.03321	0.00034	92.3107	0.00031	0.00879	0.00012	66.9715	0.00022	13270	10	13809.3981	0.1	199.7	0.7	679.2610	0.4	97170	80	61135.5900	0.1	26.9	1.1	31.7901	1.3	38.0	0.8	63.4223	0.9	23.9	0.3	196.2995	0.4	527.8	1.9	754.8147	0.1	49.1	0.7	70.8519	1.0	6.2	0.4	14.1491	1.3	16.7	1.1	31.9796	0.9	
Bp.E2.T.2.0-10.16	TQ Powders	11/16/2017 3:14:20 PM	14.3521	0.1083	0.0041	6.2527	0.013	19.68	0.04	1029.0573	0.0021	13.65	0.03	1352.3220	0.0016	0.03062	0.00085	10.4919	0.0018	0.01434	0.00055	6.4723	0.00078	0.00071	0.00011	2.0656	0.00068	0.09614	0.00054	268.5399	0.00029	0.01283	0.00016	86.7930	0.00027	13310	10	13934.5595	0.1	252.6	0.8	862.8426	0.4	98590	90	62526.1768	0.1	35.5	1.2	41.8108	1.3	63.3	0.9	105.3580	0.9	37.5	0.3	307.6831	0.4	558.1	1.9	798.7697	0.1	50.0	0.7	72.2854	1.1	5.3	0.4	12.5484	1.3	31.8	1.1	60.3827	0.9	
Bp.E2.L.2.0-10.16	TQ Powders	11/16/2017 3:28:49 PM	14.5137	0.1108	0.0041	6.2498	0.014	19.98	0.04	1021.8007	0.0021	13.82	0.03	1340.4941	0.0017	0.02933	0.00084	10.0293	0.0018	0.01773	0.00058	7.8298	0.00078	0.00136	0.00016	2.5296	0.00069	0.09943	0.00055	272.7593	0.00028	0.01043	0.00014	74.3754	0.00028	13290	10	13673.9998	0.1	254.1	0.8	854.2839	0.4	99160	90	61806.2436	0.1	36.5	1.2	42.4721	1.2	67.2	0.9	110.5862	0.8	38.4	0.3	311.3244	0.4	550.8	1.9	778.2232	0.1	50.5	0.7	72.3036	1.1	6.3	0.4	14.1603	1.3	37.6	1.1	70.3846	0.9	
Bp.E2.Ee1.2.0-10.16	TQ Powders	11/16/2017 3:43:16 PM	14.4972	0.0960	0.0037	6.0426	0.014	19.83	0.04	1006.2303	0.0021	13.76	0.03	1329.9835	0.0017	0.03087	0.00086	10.4265	0.0018	0.01781	0.00059	7.7828	0.00078	0.00067	0.00010	2.0253	0.00061	0.09712	0.00054	266.1964	0.00029	0.04325	0.00028	225.2737	0.00027	13260	10	13631.5185	0.1	261.5	0.8	878.0413	0.4	98690	90	61326.0412	0.1	38.2	1.2	44.5435	1.3	66.2	0.9	108.9740	0.9	39.6	0.3	320.7738	0.4	561.6	2.0	792.7598	0.1	49.8	0.7	71.1593	1.1	6.2	0.4	13.9199	1.3	34.1	1.1	63.7332	0.9	
Bp.E2.Ee2.2.0-10.16	TQ Powders	11/16/2017 3:57:44 PM	14.5534	0.1256	0.0046	6.4510	0.014	19.96	0.04	1024.2645	0.0021	13.82	0.03	1344.6572	0.0017	0.03211	0.00088	10.5311	0.0018	0.01301	0.00053	5.9084	0.00080	< 0.00070	(0.00027)	1.7279	0.00069	0.1022	0.0006	280.9508	0.00028	0.00760	0.00012	61.5964	0.00028	13330	10	13746.7773	0.1	250.6	0.8	843.5184	0.4	99790	90	62321.7208	0.1	36.3	1.2	42.1967	1.4	62.5	0.9	102.6027	0.9	37.0	0.3	299.5310	0.4	550.0	1.9	776.8058	0.1	48.7	0.7	69.5984	1.1	6.0	0.4	13.6257	1.3	35.8	1.1	67.0117	0.9	
Bp.E2.T.3.0-10.16	TQ Powders	11/16/2017 4:12:16 PM	14.0903	0.1463	0.0051	6.7640	0.013	19.34	0.04	1011.0570	0.0020	14.31	0.03	1420.7178	0.0015	0.0628	0.0013	16.3942	0.0018	0.01537	0.00055	6.8266	0.00077	< 0.00068	(0.00040)	1.8273	0.00068	0.09781	0.00054	271.1875	0.00029	0.1104	0.0004	538.7750	0.00024	12860	10	13326.4875	0.1	302.7	0.9	1024.6006	0.4	93750	80	59071.2067	0.1	37.2	1.1	44.5732	1.3	75.6	1.0	128.1126	0.9	62.0	0.4	519.0499	0.4	535.0	1.9	778.2704	0.1	72.2	0.8	103.7349	1.0	5.8	0.4	13.5933	1.3	29.7	1.1	57.5042	0.9	
Bp.E2.L.3.0-10.16	TQ Powders	11/16/2017 4:26:41 PM	14.3051	0.0979	0.0037	6.0910	0.013	19.71	0.04	1015.5945	0.0020	14.61	0.03	1427.6945	0.0015	0.02917	0.00082	10.0705	0.0018	0.01176	0.00052	5.3527	0.00079	0.00080	0.00012	2.1152	0.00069	0.1174	0.0006	320.2736	0.00026	0.00492	0.00010	48.0268	0.00029	13070	10	13384.1127	0.1	260.7	0.8	872.7834	0.4	95890	90	59742.6658	0.1	37.1	1.2	43.7934	1.3	72.3	0.9	120.6294	0.9	36.0	0.3	296.5929	0.4	555.8	1.9	795.6005	0.1	48.8	0.7	70.4333	1.0	5.9	0.4	13.4999	1.3	33.7	1.1	64.1250	0.9	
Bp.E2.Ee1.3.0-10.16	TQ Powders	11/16/2017 4:41:08 PM	14.4283	0.0851	0.0033	5.8876	0.014	20.33	0.05	1016.8626	0.0020	14.75	0.03	1397.8947	0.0015	0.03154	0.00088	10.1834	0.0018	0.01541	0.00057	6.5938	0.00078	0.00154	0.00017	2.6346	0.00069	0.09140	0.00053	243.7191	0.00030	0.01946	0.00020	111.9045	0.00027	13090	10	13105.6771	0.1	295.9	0.9	970.4051	0.4	95310	90	58052.7705	0.1	34.0	1.1	39.7387	1.2	71.0	0.9	117.3245	0.8	34.7	0.3	282.6762	0.4	541.8	1.9	762.9007	0.1	50.1	0.7	71.2219	1.1	5.9	0.4	13.4152	1.3	30.4	1.0	57.2255	0.9	
Bp.E2.Ee2.3.0-10.16	TQ Powders	11/16/2017 4:55:38 PM	13.8867	0.1086	0.0040	6.2698	0.013	19.07	0.04	1007.3105	0.0020	14.17	0.03	1421.9696	0.0015	0.03330	0.00089	10.9500	0.0018	0.01756	0.00057	7.8373	0.00076	0.00267	0.00023	3.5480	0.00067	0.1115	0.0006	312.7920	0.00026	0.01350	0.00017	88.9507	0.00028	12600	10	13263.0167	0.1	269.9	0.8	929.5291	0.4	92950	80	59518.7943	0.1	34.5	1.2	41.9604	1.3	68.6	0.9	117.8173	0.9	35.7	0.3	302.8124	0.4	535.4	1.9	787.8954	0.1	48.0	0.7	71.1171	1.0	5.3	0.4	12.7874	1.3	31.1	1.1	60.9917	0.9	
Eu.E2.T.4.0-10.16_2	TQ Powders	11/16/2017 5:09:55 PM	8.8439	< 0.0020	(0.0)	3.0241	0.0020	4.635	0.018	302.3633	0.0099	42.45	0.04	5257.6058	0.00001	0.00330	0.00010	8.0009	0.0020	0.02548	0.00055	9.2298	0.00047	0.00664	0.00034	5.7553	0.00062	0.1284	0.0006	298.6179	0.00013	0.2474	0.0007	963.4191	0.00016	3171	5	2745.3298	0.1	26.4	0.3	78.1695	0.4	5806	11	3485.0765	1.4	1.6	0.5	3.0564	0.7	11.7	0.3	31.6648	0.5	18.8	0.1	268.4729	0.2	540.5	1.5	1210.1394	0.1	15.4	0.3	36.2505	0.7	3.4	0.3	11.8691	1.0	4.8	0.3	15.6359	0.4	
Eu.E2.L.1.0-10.16_2	TQ Powders	11/16/2017 5:24:13 PM	9.0661	< 0.0020	(0.0)	3.1195	0.0020	6.214	0.022	381.1405	0.0097	41.05	0.04	4828.8425	0.00001	< 0.00030	(0.0)	6.8852	0.00030	0.02503	0.00055	8.9009	0.00047	0.00702	0.00034	5.9382	0.00060	0.02691	0.00029	62.0461	0.00021	0.04523	0.00029	174.8834	0.00017	3410	5	2920.8413	0.1	46.7	0.5	136.3369	0.6	6617	12	3924.5261	1.3	7.1	0.5	13.3751	0.7	11.5	0.3	30.6925	0.5	7.9	0.1	111.0889	0.2	634.6	1.6	1401.3470	0.1	16.9	0.4	38.5743	0.7	6.9	0.4	20.6824	1.1	2.9	0.3	9.4424	0.4	
