McMahon_VgE_2
Element	Method	Eval Date	Mass coefficient.	Mg	Mg	Mg	Mg	Al	Al	Al	Al	Si	Si	Si	Si	P	P	P	P	S	S	S	S	Cl	Cl	Cl	Cl	K	K	K	K	Ca	Ca	Ca	Ca	Ti	Ti	Ti	Ti	Mn	Mn	Mn	Mn	Fe	Fe	Fe	Fe	Cu	Cu	Cu	Cu	Zn	Zn	Zn	Zn	Sr	Sr	Sr	Sr	Zr	Zr	Zr	Zr	Nb	Nb	Nb	Nb	Mo	Mo	Mo	Mo	Pb	Pb	Pb	Pb	
Dimension			cm²/g	%	Abs. Error ( %)	Norm. Int.	%	%	Abs. Error ( %)	Norm. Int.	%	%	Abs. Error ( %)	Norm. Int.	%	%	Abs. Error ( %)	Norm. Int.	%	%	Abs. Error ( %)	Norm. Int.	%	%	Abs. Error ( %)	Norm. Int.	%	%	Abs. Error ( %)	Norm. Int.	%	%	Abs. Error ( %)	Norm. Int.	%	µg/g	Abs. Error ( µg/g)	Norm. Int.	µg/g	µg/g	Abs. Error ( µg/g)	Norm. Int.	µg/g	µg/g	Abs. Error ( µg/g)	Norm. Int.	µg/g	µg/g	Abs. Error ( µg/g)	Norm. Int.	µg/g	µg/g	Abs. Error ( µg/g)	Norm. Int.	µg/g	µg/g	Abs. Error ( µg/g)	Norm. Int.	µg/g	µg/g	Abs. Error ( µg/g)	Norm. Int.	µg/g	µg/g	Abs. Error ( µg/g)	Norm. Int.	µg/g	µg/g	Abs. Error ( µg/g)	Norm. Int.	µg/g	µg/g	Abs. Error ( µg/g)	Norm. Int.	µg/g	
Vg.E.1.0-10.04	TQ Powders	7/12/2017 1:41:05 PM	14.5934	0.0457	0.0020	5.4266	0.014	19.43	0.04	1048.3858	0.0025	9.607	0.023	988.6896	0.0022	< 0.0017	(0.0)	9.2467	0.0017	0.05141	0.00084	23.0629	0.00071	0.00296	0.00026	3.9469	0.00069	0.01398	0.00024	43.1353	0.00029	< 0.0010	(0.0)	27.8206	0.00100	12070	10	13859.3715	0.1	169.9	0.6	636.5570	0.4	111100	100	75987.9160	0.1	6.4	1.0	7.4806	1.3	34.2	0.8	56.2408	0.9	11.0	0.3	88.6565	0.4	1097	3	1531.0934	0.1	66.1	0.8	92.5299	1.0	9.3	0.6	19.3504	1.7	15.8	0.9	29.4269	0.9	
Vg.E.2.0-10.04	TQ Powders	7/12/2017 1:54:58 PM	14.5004	0.0530	0.0023	5.5545	0.014	18.84	0.04	1052.5034	0.0025	8.948	0.022	955.8682	0.0022	< 0.00030	(0.0)	8.9518	0.00030	0.05958	0.00087	27.6289	0.00068	0.00312	0.00027	4.1785	0.00068	0.01325	0.00023	42.4718	0.00028	0.00051	0.00001	36.7957	0.00018	11510	10	13724.3568	0.1	167.0	0.6	649.3637	0.3	113800	100	80673.2738	0.1	6.9	1.0	8.1279	1.4	32.7	0.8	54.1044	0.9	12.6	0.3	101.8889	0.4	1070	3	1506.1841	0.1	66.8	0.8	93.9758	1.0	9.1	0.6	19.1387	1.7	13.0	0.9	24.5243	1.0	
Vg.E.4.0-10.04	TQ Powders	7/12/2017 2:08:53 PM	14.8038	0.0618	0.0026	5.6429	0.014	19.28	0.04	1035.2711	0.0025	9.353	0.022	962.7841	0.0022	< 0.00030	(0.0)	8.0926	0.00030	0.05415	0.00085	24.3280	0.00070	0.00386	0.00029	4.6992	0.00069	0.01307	0.00023	40.4910	0.00029	0.00106	0.00002	38.6492	0.00018	11800	10	13593.7896	0.1	162.2	0.6	610.1784	0.4	114500	100	78392.5603	0.1	7.9	1.0	9.0643	1.3	34.5	0.8	55.9773	0.9	13.2	0.3	104.8277	0.4	1041	3	1433.0110	0.1	68.9	0.8	94.7453	1.1	9.4	0.6	19.3340	1.7	16.1	1.0	29.5628	0.9	
Vg.E.3.0-10.04	TQ Powders	7/12/2017 2:22:48 PM	14.4745	0.0721	0.0030	5.8356	0.013	18.50	0.04	1043.4762	0.0025	8.672	0.021	938.3505	0.0022	< 0.00030	(0.0)	7.9523	0.00030	0.05818	0.00086	27.4392	0.00068	0.00486	0.00031	5.7264	0.00067	0.01372	0.00023	44.6210	0.00028	0.00100	0.00002	39.8796	0.00018	11830	10	14305.2861	0.1	166.1	0.6	653.5119	0.3	114100	100	81738.2834	0.1	6.6	1.0	7.7006	1.4	33.0	0.8	54.7554	1.0	12.8	0.3	103.4354	0.4	1050	3	1481.4823	0.1	67.5	0.8	95.3771	1.0	9.5	0.6	19.8713	1.7	16.4	1.0	30.9764	1.0	
Vg.E.1.10-20.04	TQ Powders	7/12/2017 2:36:44 PM	14.9698	0.0498	0.0022	5.5029	0.014	19.62	0.04	1083.2437	0.0025	8.706	0.021	913.0630	0.0023	< 0.00030	(0.0)	8.6095	0.00030	0.05053	0.00083	23.1240	0.00072	0.00378	0.00028	4.7028	0.00069	0.01256	0.00023	39.7407	0.00029	< 0.0010	(0.0)	29.5677	0.00100	12130	10	14239.1920	0.1	165.2	0.6	630.6318	0.4	118300	100	82444.9218	0.1	7.5	1.1	8.5026	1.6	33.0	0.9	52.9672	1.1	12.4	0.3	97.4317	0.4	1223	3	1676.4471	0.1	71.3	0.8	97.9309	1.1	9.2	0.6	18.9886	1.8	12.9	1.0	23.6719	1.1	
Vg.E.2.10-20.04	TQ Powders	7/12/2017 2:50:39 PM	14.3420	0.0544	0.0023	5.5700	0.013	18.64	0.04	1038.4211	0.0025	9.130	0.022	974.1042	0.0021	< 0.00030	(0.0)	8.3164	0.00030	0.05671	0.00085	26.2838	0.00067	0.00440	0.00030	5.2614	0.00068	0.01221	0.00023	39.1226	0.00028	0.00033	0.00001	34.7990	0.00018	11770	10	13996.7989	0.1	171.8	0.6	666.4476	0.3	110600	100	78179.1029	0.1	7.7	1.0	9.0822	1.4	32.8	0.8	55.0152	0.9	11.5	0.3	94.3366	0.4	1200	3	1703.3531	0.1	68.1	0.8	96.5130	1.0	9.0	0.6	19.1466	1.8	13.6	0.9	25.9243	1.0	
Vg.E.3.10-20.04	TQ Powders	7/12/2017 3:04:35 PM	14.7902	0.0634	0.0027	5.6940	0.014	19.10	0.04	1055.6005	0.0025	8.818	0.022	932.0078	0.0022	0.01420	0.00043	10.1331	0.0017	0.05681	0.00086	26.1473	0.00070	0.00399	0.00029	4.8951	0.00068	0.01125	0.00022	35.9126	0.00028	< 0.0010	(0.0)	26.7357	0.00100	11690	10	13827.7949	0.1	158.7	0.6	612.0628	0.3	116800	100	81997.4470	0.1	6.1	1.0	6.9595	1.5	29.9	0.8	48.6392	1.0	13.4	0.3	106.0886	0.4	863.8	2.5	1196.1072	0.1	63.5	0.8	88.2999	1.0	8.8	0.6	18.4411	1.6	13.6	1.0	25.0811	1.0	
Vg.E.Ee1.2.40-60.16	TQ Powders	7/12/2017 3:18:30 PM	14.3713	0.0812	0.0033	5.9325	0.013	19.79	0.04	1080.4109	0.0023	9.299	0.022	960.7562	0.0022	0.00238	0.00008	8.4312	0.0017	0.04879	0.00081	22.0899	0.00070	0.00276	0.00024	3.8056	0.00067	0.01180	0.00022	36.8123	0.00028	0.00095	0.00002	37.0468	0.00018	11010	10	12757.0421	0.1	157.2	0.6	597.0006	0.3	109400	100	75896.5742	0.1	7.8	1.0	9.1814	1.3	35.1	0.8	58.6515	0.9	11.5	0.3	94.0925	0.4	934.8	2.5	1324.8472	0.1	61.4	0.7	87.3164	1.0	9.2	0.6	19.3491	1.6	15.8	0.9	29.8225	0.9	
Vg.E.Ee2.1.40-60.16	TQ Powders	7/12/2017 3:32:24 PM	14.3703	0.0732	0.0030	5.8498	0.013	19.25	0.04	1078.8376	0.0023	10.22	0.02	1082.4845	0.0020	0.00291	0.00010	8.6649	0.0017	0.04323	0.00078	19.6983	0.00071	0.00282	0.00025	3.8703	0.00068	0.01479	0.00024	46.1277	0.00028	0.00070	0.00001	35.8850	0.00018	10950	10	12711.0931	0.1	210.8	0.7	801.2205	0.3	109300	100	76382.6857	0.1	10.7	1.0	12.7251	1.4	47.9	0.9	80.2658	0.9	14.4	0.3	118.4066	0.4	943.2	2.5	1345.5452	0.1	65.3	0.8	92.9970	1.0	9.2	0.6	19.4209	1.6	15.3	0.9	29.0908	0.9	
Vg.E.L.4.40-60.16	TQ Powders	7/12/2017 3:46:17 PM	15.0852	0.0648	0.0027	5.7042	0.014	20.25	0.04	1106.4791	0.0024	8.745	0.022	901.9240	0.0023	< 0.0017	(0.0012)	7.9766	0.0017	0.05018	0.00083	22.6769	0.00072	0.00262	0.00024	3.7004	0.00068	0.01170	0.00023	36.5543	0.00029	< 0.0010	(0.0)	29.2577	0.00100	11640	10	13475.4619	0.1	176.1	0.6	665.3871	0.4	118700	100	81939.8832	0.1	8.2	1.0	9.2791	1.4	40.9	0.8	65.3226	1.0	13.1	0.3	101.9117	0.4	943.7	2.6	1288.9761	0.1	66.9	0.8	91.4356	1.1	9.3	0.6	19.0179	1.7	14.3	1.0	26.0447	1.0	
Vg.E.Ee2.4.40-60.16	TQ Powders	7/12/2017 4:00:11 PM	14.6764	0.0417	0.0018	5.3702	0.014	19.92	0.04	1072.3284	0.0024	8.867	0.022	906.9381	0.0022	< 0.0017	(0.0015)	8.3668	0.0017	0.04766	0.00081	21.4883	0.00071	0.00202	0.00021	3.1890	0.00068	0.01176	0.00023	36.6183	0.00028	< 0.0010	(0.0)	27.9897	0.00100	11630	10	13435.7446	0.1	169.4	0.6	639.9404	0.4	113200	100	77811.6888	0.1	9.4	1.0	10.8291	1.4	37.8	0.8	61.6755	1.0	12.1	0.3	96.8570	0.4	968.0	2.6	1344.4818	0.1	66.3	0.8	91.9860	1.0	9.7	0.6	19.9467	1.6	14.9	0.9	27.7030	1.0	
Vg.E.Ee1.1.40-60.16	TQ Powders	7/12/2017 4:14:06 PM	15.0152	0.0429	0.0019	5.3730	0.014	20.15	0.04	1059.1439	0.0025	9.419	0.023	943.1895	0.0023	< 0.00030	(0.0)	8.1420	0.00030	0.05754	0.00088	25.1864	0.00070	0.00174	0.00020	2.9265	0.00070	0.01377	0.00024	41.6416	0.00029	0.00051	0.00001	35.3257	0.00019	11560	10	13006.4506	0.1	193.9	0.7	714.3051	0.4	115500	100	77512.6918	0.1	9.2	1.0	10.3740	1.4	41.4	0.8	66.0569	1.0	13.4	0.3	104.6158	0.4	1052	3	1406.5763	0.1	66.0	0.8	87.7352	1.1	10.4	0.6	20.2900	1.7	13.8	1.0	25.0418	1.0	
Vg.E.4.10-20.04	TQ Powders	7/12/2017 4:47:33 PM	14.9489	0.0577	0.0025	5.5917	0.014	19.47	0.04	1050.7224	0.0026	8.978	0.022	926.7054	0.0023	< 0.00030	(0.0)	7.4750	0.00030	0.04996	0.00083	22.5574	0.00073	0.00351	0.00028	4.4282	0.00069	0.01174	0.00023	36.6864	0.00029	< 0.0010	(0.0)	29.5616	0.00100	12100	10	14015.8903	0.1	168.1	0.6	635.0380	0.4	116900	100	80338.9973	0.1	5.6	1.0	6.3696	1.4	32.5	0.8	52.1576	1.0	13.4	0.3	104.9940	0.4	1040	3	1423.0543	0.1	67.9	0.8	93.0074	1.0	10.1	0.6	20.3567	1.7	13.9	1.0	25.4610	1.0	
Vg.E.L.2.40-60.16	TQ Powders	7/12/2017 5:01:59 PM	14.6052	0.0529	0.0023	5.5109	0.014	20.06	0.04	1062.4588	0.0024	9.502	0.023	956.0436	0.0022	0.00293	0.00010	8.3428	0.0017	0.05167	0.00083	22.8155	0.00071	0.00197	0.00021	3.1185	0.00069	0.01057	0.00022	32.2837	0.00028	< 0.0010	(0.0)	21.6677	0.00100	11150	10	12633.3293	0.1	154.6	0.6	574.4762	0.3	110700	100	74997.4653	0.1	7.6	1.0	8.7755	1.3	35.5	0.8	58.2886	0.9	10.9	0.3	87.3820	0.4	931.1	2.5	1294.5489	0.1	61.5	0.7	85.7098	1.0	8.0	0.5	16.9794	1.6	15.6	0.9	29.0255	0.9	
Vg.E.T.2.40-60.16	TQ Powders	7/12/2017 5:16:26 PM	14.2836	0.0270	0.0012	5.1688	0.014	19.12	0.04	1031.6139	0.0024	9.783	0.023	1009.7278	0.0021	0.00257	0.00008	8.7942	0.0017	0.04467	0.00078	20.1518	0.00071	0.00272	0.00024	3.7591	0.00067	0.01174	0.00022	36.4343	0.00028	0.00015	0.00001	32.1541	0.00014	10990	10	12671.7392	0.1	163.9	0.6	620.1164	0.3	107700	100	74280.7724	0.1	7.5	1.0	8.8475	1.3	34.3	0.8	57.5514	0.9	11.0	0.3	90.1627	0.4	972.4	2.6	1380.3066	0.1	61.2	0.7	86.8780	1.0	9.2	0.6	19.3484	1.6	16.7	0.9	31.6055	0.9	
Vg.E.T.1.40-60.16	TQ Powders	7/12/2017 5:30:54 PM	15.0506	0.0610	0.0026	5.6125	0.014	20.15	0.05	1053.8821	0.0025	9.529	0.023	950.2720	0.0022	0.00504	0.00017	8.8081	0.0018	0.04962	0.00083	21.6826	0.00073	0.00292	0.00026	3.8555	0.00070	0.01363	0.00024	41.0314	0.00029	0.00190	0.00003	42.0670	0.00018	11500	10	12884.9615	0.1	197.4	0.7	724.4942	0.4	115200	100	77003.9305	0.1	8.4	1.0	9.5299	1.4	44.2	0.8	70.6201	0.9	13.7	0.3	107.0659	0.4	960.4	2.6	1303.2997	0.1	63.3	0.8	86.2267	1.0	8.3	0.6	17.2260	1.6	15.2	1.0	27.5820	1.0	
Vg.E.L.1.40-60.16	TQ Powders	7/12/2017 5:45:20 PM	14.8317	0.0657	0.0027	5.7132	0.014	19.62	0.04	1071.3980	0.0025	8.853	0.022	919.7924	0.0023	0.00550	0.00018	9.3004	0.0017	0.06155	0.00089	27.9090	0.00069	0.00561	0.00033	6.2042	0.00068	0.01430	0.00024	44.8161	0.00029	0.00169	0.00003	42.7507	0.00018	11810	10	13766.6361	0.1	180.5	0.6	686.5621	0.4	115800	100	80299.8518	0.1	10.9	1.0	12.5316	1.4	38.2	0.8	62.0123	0.9	12.9	0.3	102.2077	0.4	985.9	2.6	1362.0613	0.1	66.3	0.8	91.7697	1.0	9.7	0.6	19.9795	1.7	12.6	1.0	23.2131	1.0	
Vg.E.Ee2.2.40-60.16_2	TQ Powders	7/12/2017 5:59:47 PM	14.1622	0.0345	0.0015	5.2767	0.013	19.52	0.04	1061.5949	0.0022	10.07	0.02	1038.5354	0.0020	0.00894	0.00030	8.6046	0.0017	0.03835	0.00074	17.2129	0.00071	0.00182	0.00020	3.0087	0.00067	0.01167	0.00022	36.0006	0.00028	0.00050	0.00001	33.3542	0.00018	10940	10	12538.6586	0.1	158.0	0.6	594.5061	0.3	105700	100	72727.0687	0.1	7.3	0.9	8.6753	1.3	33.8	0.8	57.1054	0.9	10.3	0.3	85.0348	0.4	790.8	2.3	1134.4646	0.1	59.3	0.7	85.4060	1.0	8.2	0.5	17.7813	1.5	13.4	0.9	25.6890	0.9	
Vg.E.1.60-100.04	TQ Powders	7/13/2017 9:55:53 AM	15.1921	0.0492	0.0021	5.4226	0.015	20.80	0.05	1041.2646	0.0026	8.667	0.022	831.2644	0.0024	< 0.0018	(0.00061)	7.7302	0.0018	0.04753	0.00083	20.4007	0.00074	0.00129	0.00017	2.5410	0.00070	0.00953	0.00022	28.4428	0.00029	< 0.0010	(0.0)	22.5513	0.00100	11830	10	13070.6135	0.1	151.1	0.6	547.0927	0.4	116600	100	76297.0472	0.1	6.3	1.0	6.9660	1.4	31.0	0.8	48.6267	1.0	11.9	0.3	90.9315	0.4	954.4	2.6	1270.3275	0.1	62.9	0.8	84.2161	1.1	8.0	0.6	16.5246	1.6	14.9	0.9	26.4066	1.0	
Vg.E.2.60-100.04	TQ Powders	7/13/2017 10:09:49 AM	15.3204	0.0842	0.0035	5.9504	0.014	20.44	0.05	1091.2362	0.0025	8.453	0.021	856.5526	0.0024	0.00406	0.00015	8.0184	0.0018	0.04247	0.00079	19.0374	0.00076	0.00124	0.00016	2.5401	0.00069	0.01037	0.00022	32.1833	0.00029	< 0.0010	(0.0)	18.4736	0.00100	11980	10	13750.9696	0.1	157.3	0.6	588.7376	0.4	121500	100	82754.3205	0.1	5.5	1.1	6.0849	1.4	33.3	0.8	52.2414	1.0	12.7	0.3	97.3389	0.4	895.5	2.5	1200.9985	0.1	65.0	0.8	87.6325	1.1	9.5	0.6	19.1262	1.6	14.9	1.1	26.5347	1.0	
Vg.E.4.40-60.04	TQ Powders	7/13/2017 10:23:45 AM	10.9740	0.0488	0.0021	5.7495	0.0099	14.25	0.03	1088.3379	0.0018	5.981	0.015	869.2643	0.0017	< 0.00030	(0.0)	6.4584	0.00030	0.03239	0.00058	20.5934	0.00053	0.00117	0.00014	2.8865	0.00049	0.00674	0.00015	29.6324	0.00021	< 0.0010	(0.0)	21.7854	0.00100	8549	9	13853.8008	0.1	117.6	0.4	618.5609	0.3	87190	70	83941.6152	0.1	3.6	0.8	5.6924	1.1	23.2	0.6	51.2507	0.7	22.4	0.5	111.9886	0.7	2732	7	1430.3619	0.1	196.8	2.2	93.5782	3.0	44.0	1.9	27.7541	4.7	20.3	1.4	27.3969	1.4	
Vg.E.2.40-60.04	TQ Powders	7/13/2017 10:37:41 AM	14.9312	0.0469	0.0021	5.4511	0.014	19.72	0.04	1076.8352	0.0025	8.449	0.021	877.8184	0.0023	0.00410	0.00014	8.4145	0.0017	0.05102	0.00083	23.3291	0.00072	0.00246	0.00023	3.5873	0.00068	0.00909	0.00021	28.9088	0.00029	< 0.0010	(0.0)	21.3799	0.00100	11790	10	13837.3106	0.1	156.8	0.6	600.0104	0.3	117800	100	82023.2444	0.1	7.6	1.0	8.6794	1.4	33.9	0.8	54.5974	0.9	12.3	0.3	96.8781	0.4	920.0	2.5	1262.3586	0.1	63.5	0.8	87.5029	1.0	8.4	0.6	17.6511	1.6	14.6	1.0	26.6925	1.0	
Vg.E.1.40-60.04	TQ Powders	7/13/2017 10:51:35 AM	15.1049	0.0562	0.0024	5.5474	0.014	20.38	0.05	1064.7341	0.0025	8.646	0.022	860.9380	0.0024	0.00774	0.00027	8.2768	0.0018	0.05296	0.00086	23.3826	0.00072	0.00158	0.00019	2.8027	0.00070	0.00918	0.00022	28.1846	0.00029	< 0.0010	(0.0)	18.2910	0.00100	12100	10	13727.6898	0.1	158.7	0.6	587.5827	0.4	117200	100	78749.1238	0.1	8.4	1.0	9.4517	1.2	37.0	0.8	58.8491	0.8	11.8	0.3	91.3266	0.4	830.8	2.4	1122.6087	0.1	63.0	0.8	85.6978	1.1	9.7	0.6	19.4894	1.6	16.0	1.0	28.7347	0.9	
Vg.E.4.20-40.04	TQ Powders	7/13/2017 11:05:32 AM	14.7829	0.0235	0.0011	5.1278	0.014	19.52	0.04	1080.2187	0.0025	8.632	0.021	908.1698	0.0023	< 0.00030	(0.0)	6.3297	0.00030	0.04952	0.00083	22.8095	0.00071	0.00297	0.00026	4.0351	0.00068	0.00995	0.00022	31.7970	0.00028	< 0.0010	(0.0)	24.8347	0.00100	11600	10	13705.3241	0.1	158.3	0.6	610.0221	0.3	116600	100	81867.9657	0.1	5.2	1.0	6.0196	1.4	32.2	0.8	52.3238	1.0	13.6	0.3	107.9854	0.4	1008	3	1395.1030	0.1	65.0	0.8	90.0771	1.0	10.0	0.6	20.4996	1.7	14.0	1.0	25.8532	1.0	
Vg.E.3.20-40.04	TQ Powders	7/13/2017 11:19:27 AM	15.4789	0.0386	0.0017	5.2991	0.015	20.28	0.05	1038.1390	0.0027	9.121	0.023	895.9712	0.0024	< 0.00030	(0.0)	7.2805	0.00030	0.06113	0.00092	26.3834	0.00073	0.00301	0.00028	3.9164	0.00072	0.01338	0.00024	40.0048	0.00029	0.00027	0.00001	35.0446	0.00019	12150	10	13508.2326	0.1	164.8	0.6	598.4151	0.4	121100	100	79768.1865	0.1	7.0	1.0	7.6778	1.3	35.0	0.8	54.1249	0.9	12.8	0.3	96.8369	0.4	1017	3	1336.4412	0.1	68.8	0.8	90.6977	1.1	9.9	0.6	19.5332	1.7	14.1	1.0	24.6934	1.0	
Vg.E.2.20-40.04	TQ Powders	7/13/2017 11:33:22 AM	15.0195	0.0404	0.0018	5.3503	0.014	19.86	0.04	1062.7842	0.0026	8.996	0.022	918.0975	0.0023	< 0.00030	(0.0)	7.4501	0.00030	0.05529	0.00087	24.6517	0.00072	0.00534	0.00032	5.8966	0.00070	0.01102	0.00022	34.0949	0.00029	< 0.0010	(0.0)	26.1001	0.00100	11850	10	13587.5438	0.1	159.6	0.6	597.7900	0.4	117400	100	80038.4307	0.1	7.9	1.0	8.9388	1.4	32.2	0.8	51.3851	1.0	12.5	0.3	97.8041	0.4	1186	3	1610.1174	0.1	67.5	0.8	91.7684	1.1	9.5	0.6	19.3389	1.8	12.1	1.0	21.9375	1.0	
Vg.E.1.20-40.04	TQ Powders	7/13/2017 11:47:17 AM	14.8402	0.0603	0.0026	5.6434	0.014	19.90	0.04	1087.6987	0.0024	8.841	0.022	915.7455	0.0023	0.00930	0.00030	9.5351	0.0017	0.05450	0.00085	24.7212	0.00071	0.00266	0.00025	3.7363	0.00069	0.01019	0.00022	32.0437	0.00029	< 0.0010	(0.0)	26.9553	0.00100	11900	10	13834.3952	0.1	158.5	0.6	601.2276	0.4	116200	100	80400.2387	0.1	8.6	1.0	9.8154	1.3	34.7	0.8	56.2423	0.9	11.9	0.3	94.4752	0.4	921.2	2.5	1271.5038	0.1	64.5	0.8	89.4132	1.0	8.4	0.6	17.7506	1.6	14.8	1.0	27.2494	0.9	
loamy_sand	TQ Powders	7/13/2017 12:01:13 PM	10.1909	1.044	0.016	21.4136	0.011	4.587	0.018	303.9040	0.0074	26.11	0.03	3255.6360	0.00001	0.1161	0.0017	24.3005	0.0016	0.04220	0.00068	16.3093	0.00046	0.00769	0.00036	6.7576	0.00066	1.718	0.002	4251.0885	0.00001	1.448	0.002	5715.7845	0.00072	2796	5	2413.9846	0.1	396.7	1.1	1136.5196	0.4	17770	20	10173.5308	0.1	6.9	0.6	11.4277	0.8	48.8	0.6	113.9112	0.5	144.5	0.4	1747.1229	0.2	275.7	1.2	547.1884	0.4	18.0	0.4	38.7689	0.9	2.0	0.2	8.0165	0.9	13.4	0.4	37.1551	0.5	
sandy_clay_loam	TQ Powders	7/13/2017 12:15:11 PM	11.9884	1.558	0.022	25.2111	0.013	4.448	0.018	262.6106	0.0063	18.33	0.03	2209.7827	0.00001	0.07659	0.00099	30.1071	0.0014	0.02684	0.00056	13.0932	0.00057	0.00594	0.00031	6.5335	0.00066	1.355	0.003	4165.3655	0.00001	10.54	0.01	49212.3822	0.00001	2091	7	1651.4143	0.1	332.2	1.4	842.7879	0.5	21200	30	10238.9337	0.1	17.9	0.7	24.8946	0.9	71.1	0.7	139.6415	0.6	261.6	0.6	2612.1179	0.2	189.1	1.2	307.7542	0.7	16.9	0.5	30.5209	1.0	2.8	0.3	8.8968	1.0	21.0	0.6	46.2213	0.6	
clay	TQ Powders	7/13/2017 12:29:20 PM	11.5821	0.813	0.016	14.9706	0.014	6.666	0.024	355.3516	0.0076	24.08	0.03	2671.7063	0.00001	0.1398	0.0019	29.1821	0.0017	0.07553	0.00090	30.3224	0.00045	0.02317	0.00049	18.2610	0.00069	0.9481	0.0018	2528.2848	0.00001	2.331	0.003	10104.2480	0.00001	4217	7	3830.8662	0.1	926.9	1.7	2832.7599	0.1	45070	50	25974.5050	0.1	45.5	0.9	64.9578	0.9	98.2	0.8	198.7711	0.6	305.3	0.6	3091.8827	0.2	176.8	1.2	299.7731	0.6	12.4	0.4	23.9900	1.0	2.5	0.2	8.2890	0.9	11.3	0.4	25.6245	0.6	
