McMahon_6-27
Element	Method	Eval Date	Mass coefficient.	Mg	Mg	Mg	Mg	Al	Al	Al	Al	Si	Si	Si	Si	P	P	P	P	S	S	S	S	Cl	Cl	Cl	Cl	K	K	K	K	Ca	Ca	Ca	Ca	Ti	Ti	Ti	Ti	Mn	Mn	Mn	Mn	Fe	Fe	Fe	Fe	Cu	Cu	Cu	Cu	Zn	Zn	Zn	Zn	Sr	Sr	Sr	Sr	Zr	Zr	Zr	Zr	Nb	Nb	Nb	Nb	Mo	Mo	Mo	Mo	Pb	Pb	Pb	Pb	
Dimension			cm²/g	%	Abs. Error ( %)	Norm. Int.	%	%	Abs. Error ( %)	Norm. Int.	%	%	Abs. Error ( %)	Norm. Int.	%	%	Abs. Error ( %)	Norm. Int.	%	%	Abs. Error ( %)	Norm. Int.	%	%	Abs. Error ( %)	Norm. Int.	%	%	Abs. Error ( %)	Norm. Int.	%	%	Abs. Error ( %)	Norm. Int.	%	µg/g	Abs. Error ( µg/g)	Norm. Int.	µg/g	µg/g	Abs. Error ( µg/g)	Norm. Int.	µg/g	µg/g	Abs. Error ( µg/g)	Norm. Int.	µg/g	µg/g	Abs. Error ( µg/g)	Norm. Int.	µg/g	µg/g	Abs. Error ( µg/g)	Norm. Int.	µg/g	µg/g	Abs. Error ( µg/g)	Norm. Int.	µg/g	µg/g	Abs. Error ( µg/g)	Norm. Int.	µg/g	µg/g	Abs. Error ( µg/g)	Norm. Int.	µg/g	µg/g	Abs. Error ( µg/g)	Norm. Int.	µg/g	µg/g	Abs. Error ( µg/g)	Norm. Int.	µg/g	
It.N.4.60-100.04	TQ Powders	7/3/2018 12:25:45 PM	10.8935	0.1218	0.0041	6.4924	0.011	23.56	0.05	1266.0506	0.00001	11.17	0.02	1056.9631	0.0013	0.00731	0.00021	8.3548	0.0014	0.01871	0.00052	8.0506	0.00059	0.00342	0.00023	4.1449	0.00057	0.02274	0.00030	65.2466	0.00032	0.00069	0.00002	18.4057	0.00021	15190	10	16280.4571	0.1	76.5	0.5	266.8880	0.4	52000	50	34021.6024	0.1	4.0	0.7	6.0113	0.9	22.9	0.5	49.3916	0.6	19.2	0.2	205.3625	0.3	656.5	1.9	1164.0025	0.1	59.4	0.6	103.7971	0.9	6.2	0.4	16.4927	1.3	8.3	0.7	20.4135	0.7	
BO.P.4.0-10.04	TQ Powders	7/3/2018 12:40:20 PM	12.0350	< 0.0020	(0.0)	4.5934	0.0020	14.77	0.04	757.7560	0.0023	17.29	0.03	1766.4549	0.00001	0.02257	0.00069	8.7049	0.0017	0.03314	0.00067	13.6605	0.00061	0.00098	0.00012	2.2580	0.00061	0.02109	0.00027	59.1600	0.00026	0.01084	0.00013	69.4506	0.00018	9065	10	9569.9484	0.1	96.2	0.5	338.8903	0.3	69520	60	44990.7581	0.1	21.5	0.8	29.4830	1.1	25.9	0.6	50.4718	0.8	5.1	0.2	49.4169	0.3	472.4	1.7	758.5511	0.1	28.3	0.5	46.8171	0.9	4.4	0.4	11.7437	1.2	7.6	0.5	16.6184	0.8	
BO.P.3.0-10.04	TQ Powders	7/3/2018 12:54:55 PM	11.8888	< 0.0020	(0.0)	4.5661	0.0020	14.60	0.04	732.2419	0.0023	17.11	0.03	1719.6997	0.00001	0.02226	0.00069	8.5348	0.0017	0.03462	0.00068	14.1140	0.00061	0.00279	0.00022	3.5949	0.00061	0.02078	0.00027	57.9363	0.00026	0.01964	0.00018	109.4437	0.00018	8844	9	9290.9299	0.1	112.4	0.5	394.6063	0.3	67120	60	43091.5391	0.1	23.3	0.8	32.1180	1.1	29.5	0.6	57.8691	0.7	5.7	0.2	55.0980	0.3	463.2	1.7	743.5632	0.1	27.4	0.5	45.0578	0.9	4.3	0.4	11.4398	1.2	5.2	0.5	11.3684	0.7	
BO.P.2.0-10.04	TQ Powders	7/3/2018 1:09:31 PM	12.0573	< 0.0020	(0.0)	4.6711	0.0020	15.30	0.04	783.2715	0.0022	17.76	0.03	1796.0483	0.00001	0.02189	0.00067	8.7508	0.0017	0.03173	0.00067	12.9431	0.00064	0.00182	0.00019	2.8653	0.00062	0.02000	0.00027	55.3153	0.00027	0.00838	0.00012	56.6961	0.00019	9673	10	10052.0187	0.1	107.6	0.5	372.3290	0.4	68060	60	43469.1613	0.1	22.1	0.8	30.2907	1.1	25.7	0.6	49.9566	0.7	5.5	0.2	52.7177	0.3	496.8	1.7	796.8221	0.1	28.7	0.5	47.3720	0.9	3.7	0.3	10.3849	1.2	8.9	0.5	19.3411	0.7	
It.N.3.60-100.04	TQ Powders	7/3/2018 1:24:09 PM	10.9146	0.1053	0.0036	6.2547	0.011	23.76	0.05	1271.7325	0.00001	10.77	0.02	1014.5743	0.0013	0.00936	0.00026	8.8514	0.0014	0.01793	0.00052	7.7117	0.00059	0.00401	0.00024	4.6031	0.00057	0.02325	0.00030	66.8237	0.00032	0.00082	0.00003	19.1855	0.00021	15120	10	16251.1775	0.1	74.0	0.5	258.7985	0.4	52580	50	34432.2515	0.1	3.9	0.7	5.9415	0.9	23.6	0.5	50.7015	0.7	18.3	0.2	195.1989	0.3	669.0	1.9	1181.4357	0.1	58.9	0.6	102.3268	0.9	6.2	0.4	16.3589	1.3	7.5	0.7	18.5081	0.7	
BO.P.1.0-10.04	TQ Powders	7/3/2018 1:38:44 PM	12.2000	< 0.0020	(0.0)	4.1866	0.0020	15.30	0.04	743.6509	0.0023	17.14	0.03	1666.1698	0.00009	0.02776	0.00085	8.6348	0.0017	0.03327	0.00068	13.2854	0.00062	0.00229	0.00020	3.1818	0.00062	0.02014	0.00027	54.8015	0.00027	0.02163	0.00019	116.1956	0.00018	9438	10	9671.3136	0.1	126.7	0.6	433.3100	0.3	68700	60	42894.2859	0.1	22.8	0.8	30.6621	1.1	26.3	0.6	50.2526	0.8	5.4	0.2	50.6557	0.3	391.6	1.5	614.1908	0.3	28.2	0.5	45.3846	0.9	4.6	0.4	11.9332	1.1	7.9	0.5	16.7419	0.7	
Bp.E2.4.60-100.04	TQ Powders	7/3/2018 1:53:19 PM	14.4055	0.0855	0.0033	5.9292	0.014	20.33	0.05	1053.3463	0.0021	10.87	0.02	1066.8495	0.0020	0.02367	0.00072	9.2299	0.0017	0.00828	0.00050	3.8489	0.00080	0.00069	0.00010	2.0615	0.00068	0.02414	0.00030	70.2949	0.00031	< 0.0010	(0.0)	22.2329	0.00100	13380	10	14568.2738	0.1	202.1	0.7	716.7326	0.4	103300	100	67185.3765	0.1	29.3	1.1	34.3354	1.2	37.8	0.8	62.6538	0.9	18.1	0.3	147.2333	0.4	552.4	1.9	782.4202	0.1	51.6	0.7	73.4904	1.1	5.6	0.4	12.8728	1.4	19.1	1.1	36.0194	0.9	
Bp.E2.3.60-100.04	TQ Powders	7/3/2018 2:07:55 PM	14.5803	0.0882	0.0035	5.9526	0.014	20.64	0.05	1054.9732	0.0021	11.29	0.03	1091.6139	0.0020	0.02240	0.00070	8.8521	0.0018	0.00873	0.00050	4.0046	0.00081	< 0.00020	(0.0)	1.2100	0.00020	0.02411	0.00031	68.9433	0.00031	< 0.0010	(0.0)	21.6800	0.00100	13520	10	14453.5856	0.1	200.3	0.7	698.0706	0.4	103900	100	66491.1114	0.1	32.1	1.1	37.1601	1.3	36.4	0.8	59.5862	0.9	18.9	0.3	151.8766	0.4	550.9	1.9	772.5446	0.1	51.4	0.7	72.7923	1.1	6.8	0.5	15.0493	1.4	21.0	1.1	39.0465	0.9	
Bp.E2.2.60-100.04	TQ Powders	7/3/2018 2:22:30 PM	14.3860	0.0625	0.0026	5.6433	0.013	20.24	0.04	1067.2693	0.0021	11.20	0.02	1114.5214	0.0020	0.02290	0.00071	9.1204	0.0018	0.00727	0.00049	3.4432	0.00080	< 0.00068	(0.00041)	1.8497	0.00067	0.02338	0.00030	68.4384	0.00031	< 0.0010	(0.0)	19.6314	0.00100	13280	10	14519.5342	0.1	193.9	0.7	690.2906	0.4	103200	100	67611.5581	0.1	27.5	1.2	32.2857	1.2	37.7	0.8	62.7330	0.8	18.6	0.3	151.4488	0.4	550.2	1.9	783.7846	0.1	52.5	0.7	75.2251	1.1	6.5	0.4	14.6040	1.3	18.9	1.1	35.9459	0.9	
Bp.E2.1.60-100.04	TQ Powders	7/3/2018 2:37:05 PM	14.7623	0.0533	0.0022	5.4768	0.014	21.10	0.05	1055.0261	0.0021	11.34	0.03	1072.9444	0.0020	0.02276	0.00072	8.7591	0.0018	0.00809	0.00051	3.6524	0.00082	< 0.00020	(0.0)	1.1552	0.00020	0.02452	0.00031	68.8824	0.00031	< 0.0010	(0.0)	24.1715	0.00100	13560	10	14244.1329	0.1	202.3	0.7	693.4178	0.4	104700	100	65815.0825	0.1	27.2	1.2	31.1110	1.3	36.6	0.8	59.1805	0.9	17.9	0.3	142.3050	0.4	548.7	1.9	759.5050	0.1	53.1	0.7	74.1053	1.1	7.4	0.5	15.8412	1.4	19.6	1.1	36.1425	0.9	
Bp.E2.4.40-60.04	TQ Powders	7/3/2018 2:51:41 PM	16.2951	0.0749	0.0031	5.3702	0.029	30.04	0.07	945.9411	0.0044	13.06	0.03	952.3270	0.0033	0.02393	0.00078	8.0498	0.0025	0.01016	0.00057	3.9284	0.0011	< 0.00020	(0.0)	1.4891	0.00020	0.02744	0.00032	70.4232	0.00041	< 0.0010	(0.0)	20.9422	0.00100	12870	10	12823.8057	0.1	186.8	0.7	631.9276	0.4	110000	100	59926.4261	0.1	25.8	0.9	31.6946	1.5	30.4	0.7	53.9065	1.0	14.9	0.2	124.4292	0.4	522.2	1.9	704.1728	0.1	49.6	0.7	66.9794	1.4	6.5	0.4	13.9667	1.7	14.2	1.0	26.1844	1.1	
Bp.E2.3.40-60.04	TQ Powders	7/3/2018 3:20:22 PM	14.3171	0.0417	0.0018	5.3469	0.014	20.06	0.04	1037.9362	0.0022	10.91	0.02	1073.8586	0.0020	0.02336	0.00073	9.1011	0.0017	0.00920	0.00051	4.2587	0.00079	< 0.00068	(0.0)	1.5627	0.00068	0.02454	0.00030	71.6476	0.00030	< 0.0010	(0.0)	28.1447	0.00100	13350	10	14581.8091	0.1	197.9	0.7	703.9920	0.4	102400	100	66711.4986	0.1	25.6	1.1	30.0790	1.2	36.8	0.8	61.3312	0.9	18.3	0.3	149.1893	0.4	540.2	1.9	769.0906	0.1	49.1	0.7	70.8482	1.1	6.5	0.4	14.6570	1.3	19.6	1.1	37.1018	0.9	
Bp.E2.2.40-60.04	TQ Powders	7/3/2018 3:34:57 PM	14.5690	0.0655	0.0027	5.6354	0.014	20.37	0.05	1023.4611	0.0022	11.14	0.02	1067.5306	0.0020	0.02158	0.00069	8.5692	0.0018	0.00868	0.00051	3.9179	0.00081	< 0.00069	(0.00041)	1.8373	0.00068	0.02311	0.00030	65.9535	0.00031	0.00064	0.00001	31.2074	0.00021	13240	10	14139.1616	0.1	192.0	0.7	669.5042	0.4	103800	100	66174.0660	0.1	31.0	1.1	35.7752	1.4	35.4	0.8	57.8224	0.9	18.3	0.3	146.7344	0.4	541.1	1.9	755.4034	0.1	50.7	0.7	71.2771	1.1	6.6	0.4	14.4903	1.3	18.2	1.1	33.7859	0.9	
Bp.E2.1.40-60.04	TQ Powders	7/3/2018 3:49:34 PM	15.0712	0.0560	0.0023	5.4616	0.015	21.33	0.05	997.4302	0.0023	11.37	0.03	1020.0664	0.0021	0.02324	0.00075	8.4718	0.0018	0.01038	0.00055	4.3663	0.00083	< 0.00020	(0.0)	0.5998	0.00020	0.02539	0.00032	68.6216	0.00032	< 0.0010	(0.0)	20.1956	0.00100	13410	10	13595.9206	0.1	199.3	0.7	661.6551	0.4	105500	100	63628.6202	0.1	28.4	1.2	31.6049	1.3	37.9	0.8	59.6590	0.9	18.0	0.3	138.7351	0.4	541.4	2.0	726.1034	0.1	51.3	0.7	69.4343	1.1	6.7	0.5	14.3547	1.4	17.7	1.1	31.6688	0.9	
Bp.E2.1.0-10.04	TQ Powders	7/3/2018 4:04:09 PM	14.5779	0.0847	0.0033	5.8573	0.014	20.72	0.05	1016.4274	0.0022	11.31	0.03	1058.8175	0.0020	0.03321	0.00091	10.5706	0.0018	0.01766	0.00061	7.4618	0.00079	< 0.00070	(0.00053)	1.9202	0.00070	0.02785	0.00032	77.8171	0.00031	0.00072	0.00002	30.5762	0.00022	13140	10	13768.3178	0.1	202.6	0.7	694.3847	0.4	102300	100	64045.0089	0.1	32.1	1.1	36.9626	1.3	35.8	0.8	58.3813	0.9	17.6	0.3	140.2465	0.4	537.9	1.9	745.9126	0.1	49.5	0.7	69.3517	1.1	5.4	0.4	12.4013	1.3	17.4	1.1	32.1762	0.9	
Bp.E2.2.0-10.04	TQ Powders	7/3/2018 4:18:47 PM	14.4482	0.0634	0.0026	5.6113	0.014	20.38	0.05	1027.5560	0.0022	11.23	0.03	1078.1623	0.0020	0.03005	0.00085	10.1361	0.0017	0.01677	0.00059	7.2523	0.00078	0.00150	0.00017	2.6717	0.00068	0.02683	0.00031	76.4804	0.00031	< 0.0010	(0.0)	26.7628	0.00100	13040	10	13931.3861	0.1	187.8	0.7	655.3708	0.4	102200	100	65235.8128	0.1	29.9	1.1	34.8562	1.3	35.9	0.8	59.2393	0.9	18.0	0.3	145.3470	0.4	533.9	1.9	751.2074	0.1	48.4	0.7	68.8179	1.1	5.7	0.4	13.1548	1.3	17.8	1.1	33.3393	0.9	
Bp.E2.3.0-10.04	TQ Powders	7/3/2018 4:33:24 PM	14.0745	0.0827	0.0033	5.9254	0.013	19.87	0.04	1059.2044	0.0021	11.05	0.02	1112.8448	0.0019	0.03462	0.00092	11.3732	0.0017	0.01609	0.00057	7.2714	0.00077	< 0.00067	(0.0)	1.5377	0.00067	0.02691	0.00031	79.7099	0.00030	< 0.00021	(0.00008)	28.6963	0.00021	12990	10	14398.6673	0.1	192.1	0.7	693.8382	0.4	100300	100	66618.1279	0.1	29.5	1.1	35.3922	1.3	34.4	0.8	58.4045	0.9	17.7	0.3	147.9221	0.4	529.6	1.9	769.1694	0.1	49.3	0.7	72.1736	1.0	6.1	0.4	14.0277	1.3	18.7	1.1	36.1108	0.9	
Bp.E2.4.0-10.04	TQ Powders	7/3/2018 4:48:11 PM	15.2981	0.0454	0.0019	5.4058	0.013	18.65	0.04	967.7106	0.0021	10.87	0.03	993.5459	0.0020	0.03283	0.00092	9.9875	0.0018	0.01656	0.00061	6.7359	0.00081	< 0.00020	(0.0)	1.3598	0.00020	0.02846	0.00033	75.7067	0.00032	< 0.0010	(0.0)	23.4763	0.00100	13190	10	13089.2978	0.1	201.1	0.7	651.8580	0.4	99280	90	60367.7962	0.1	27.7	1.1	30.5976	1.2	37.3	0.7	58.1672	0.8	17.5	0.3	135.3131	0.4	513.4	1.9	698.0682	0.1	46.6	0.7	64.5008	1.1	4.3	0.4	10.3600	1.3	17.6	1.0	31.7711	0.8	
Bp.E2.4.10-20.04	TQ Powders	7/3/2018 5:02:55 PM	14.4674	0.0814	0.0032	5.8518	0.014	20.62	0.05	1044.7865	0.0021	11.11	0.02	1067.4100	0.0020	0.03074	0.00086	10.3377	0.0017	0.01496	0.00058	6.5086	0.00079	0.00099	0.00013	2.2840	0.00068	0.02756	0.00032	78.6321	0.00031	< 0.00022	(0.0)	27.8822	0.00021	13190	10	14099.7896	0.1	198.2	0.7	691.6138	0.4	102500	100	65502.7799	0.1	25.8	1.1	30.0618	1.3	35.4	0.8	58.3925	0.9	18.1	0.3	145.9084	0.4	540.7	1.9	761.0084	0.1	50.7	0.7	71.7989	1.1	6.9	0.5	15.1409	1.3	17.4	1.1	32.6991	0.9	
Bp.E2.3.10-20.04	TQ Powders	7/3/2018 5:16:50 PM	14.0123	0.0748	0.0030	5.8364	0.013	19.77	0.04	1070.3685	0.0020	11.00	0.02	1122.1390	0.0019	0.02992	0.00083	10.6109	0.0017	0.01344	0.00055	6.1753	0.00077	< 0.00020	(0.0)	1.3442	0.00020	0.02581	0.00031	77.2428	0.00030	< 0.0010	(0.0)	25.5055	0.00100	13020	10	14569.6032	0.1	194.0	0.7	706.6337	0.4	100300	100	67259.8451	0.1	33.4	1.1	40.3646	1.3	35.4	0.8	60.4321	0.9	17.8	0.3	148.8832	0.4	536.2	1.9	783.9388	0.1	51.4	0.7	75.7099	1.0	7.1	0.4	16.0531	1.3	17.5	1.1	34.1181	0.9	
Bp.E2.2.10-20.04	TQ Powders	7/3/2018 5:30:44 PM	14.7015	0.0320	0.0014	5.1975	0.014	20.74	0.05	1015.1446	0.0022	11.46	0.03	1071.4094	0.0020	0.03261	0.00090	10.4248	0.0018	0.01432	0.00058	6.1239	0.00080	< 0.00020	(0.0)	0.9524	0.00020	0.02612	0.00031	72.7079	0.00031	< 0.0010	(0.0)	24.0347	0.00100	13220	10	13789.6972	0.1	190.4	0.7	649.7467	0.4	103600	100	64554.9545	0.1	32.1	1.1	36.6405	1.3	36.1	0.8	58.3979	0.9	18.4	0.3	145.4597	0.4	540.2	1.9	744.2501	0.1	51.5	0.7	71.3142	1.1	6.4	0.4	14.1214	1.4	19.4	1.1	35.5867	0.9	
Bp.E2.1.10-20.04	TQ Powders	7/3/2018 5:44:40 PM	14.0759	0.0377	0.0017	5.3106	0.013	19.76	0.04	1052.7046	0.0021	10.86	0.02	1095.3072	0.0019	0.03212	0.00087	10.9998	0.0017	0.01333	0.00055	6.1131	0.00077	< 0.00020	(0.0)	1.2794	0.00020	0.02674	0.00031	79.5718	0.00030	< 0.0010	(0.0)	27.1534	0.00100	13030	10	14510.3370	0.1	197.2	0.7	715.3397	0.4	100700	100	67060.0895	0.1	30.8	1.1	36.9806	1.3	35.2	0.8	59.7910	0.9	17.6	0.3	146.2272	0.4	540.5	1.9	783.8343	0.1	50.8	0.7	74.0941	1.1	5.0	0.4	12.1785	1.3	18.8	1.1	36.3716	0.9	
Bp.E2.1.20-40.04	TQ Powders	7/3/2018 5:58:35 PM	14.0714	0.0399	0.0017	5.3401	0.013	19.61	0.04	1043.4598	0.0022	10.76	0.02	1086.7897	0.0019	0.02766	0.00079	10.1311	0.0017	0.01156	0.00053	5.3438	0.00078	0.00072	0.00011	2.1059	0.00067	0.02473	0.00030	73.8712	0.00030	< 0.0010	(0.0)	21.8117	0.00100	12950	10	14469.7948	0.1	192.5	0.7	700.8374	0.4	101000	100	67416.5923	0.1	30.1	1.1	36.1144	1.3	36.7	0.8	62.2765	0.9	17.9	0.3	148.8591	0.4	538.8	1.9	781.9592	0.1	51.0	0.7	74.4638	1.0	5.6	0.4	13.2770	1.3	17.8	1.1	34.4393	0.9	
