McMahon_May2018
Element	Method	Eval Date	Mass coefficient.	Mg	Mg	Mg	Mg	Al	Al	Al	Al	Si	Si	Si	Si	P	P	P	P	S	S	S	S	Cl	Cl	Cl	Cl	K	K	K	K	Ca	Ca	Ca	Ca	Ti	Ti	Ti	Ti	Mn	Mn	Mn	Mn	Fe	Fe	Fe	Fe	Cu	Cu	Cu	Cu	Zn	Zn	Zn	Zn	Sr	Sr	Sr	Sr	Zr	Zr	Zr	Zr	Nb	Nb	Nb	Nb	Mo	Mo	Mo	Mo	Pb	Pb	Pb	Pb	
Dimension			cm²/g	%	Abs. Error ( %)	Norm. Int.	%	%	Abs. Error ( %)	Norm. Int.	%	%	Abs. Error ( %)	Norm. Int.	%	%	Abs. Error ( %)	Norm. Int.	%	%	Abs. Error ( %)	Norm. Int.	%	%	Abs. Error ( %)	Norm. Int.	%	%	Abs. Error ( %)	Norm. Int.	%	%	Abs. Error ( %)	Norm. Int.	%	µg/g	Abs. Error ( µg/g)	Norm. Int.	µg/g	µg/g	Abs. Error ( µg/g)	Norm. Int.	µg/g	µg/g	Abs. Error ( µg/g)	Norm. Int.	µg/g	µg/g	Abs. Error ( µg/g)	Norm. Int.	µg/g	µg/g	Abs. Error ( µg/g)	Norm. Int.	µg/g	µg/g	Abs. Error ( µg/g)	Norm. Int.	µg/g	µg/g	Abs. Error ( µg/g)	Norm. Int.	µg/g	µg/g	Abs. Error ( µg/g)	Norm. Int.	µg/g	µg/g	Abs. Error ( µg/g)	Norm. Int.	µg/g	µg/g	Abs. Error ( µg/g)	Norm. Int.	µg/g	
It.N.1.10-20.16	TQ Powders	5/15/2018 10:21:00 AM	10.1160	0.0676	0.0025	5.7739	0.011	21.35	0.04	1200.6897	0.00001	9.888	0.022	996.9075	0.0013	0.02598	0.00058	12.0153	0.0013	0.05020	0.00071	22.8192	0.00044	0.00927	0.00032	9.1488	0.00055	0.02923	0.00031	90.1621	0.00029	0.00336	0.00008	32.3650	0.00020	13750	10	15914.2350	0.1	94.1	0.5	355.2242	0.3	48580	50	34072.8223	0.1	7.1	0.7	11.5250	0.9	21.5	0.5	49.5776	0.6	17.2	0.2	196.2852	0.3	602.6	1.7	1124.5381	0.1	52.9	0.6	96.8865	0.8	4.0	0.4	12.1508	1.1	6.5	0.7	17.2276	0.6	
It.N.2.10-20.16	TQ Powders	5/15/2018 10:34:55 AM	10.3795	0.0916	0.0032	6.0713	0.011	21.60	0.04	1170.2051	0.00001	10.45	0.02	1022.8540	0.0013	0.02591	0.00058	11.7444	0.0014	0.05358	0.00074	23.5773	0.00045	0.01162	0.00035	10.7711	0.00056	0.03071	0.00032	91.6613	0.00029	0.00487	0.00010	39.2126	0.00021	13790	10	15465.5946	0.1	75.6	0.5	276.9844	0.4	49530	50	33679.1999	0.1	4.4	0.7	6.9650	0.9	22.0	0.5	49.4382	0.6	18.1	0.2	200.9683	0.3	608.6	1.8	1110.5894	0.1	53.1	0.6	95.3191	0.8	5.7	0.4	15.7223	1.2	7.4	0.7	18.9335	0.6	
It.N.3.10-20.16	TQ Powders	5/15/2018 10:48:52 AM	10.4873	0.0981	0.0034	6.1733	0.011	21.71	0.04	1186.2615	0.00001	9.470	0.022	933.2370	0.0015	0.02863	0.00064	11.9695	0.0014	0.05731	0.00076	25.6767	0.00044	0.01326	0.00036	12.2848	0.00056	0.02933	0.00031	89.2817	0.00029	0.00501	0.00010	41.4595	0.00020	14010	10	16003.5893	0.1	77.1	0.5	287.2976	0.4	52690	50	36324.2364	0.1	4.2	0.7	6.5544	0.9	20.9	0.5	46.6029	0.7	16.6	0.2	182.5457	0.3	574.6	1.7	1041.0625	0.1	53.5	0.6	95.5701	0.8	6.1	0.4	16.4036	1.1	7.9	0.7	19.8905	0.7	
It.N.4.10-20.16	TQ Powders	5/15/2018 11:02:42 AM	10.5106	0.0941	0.0033	6.1025	0.011	21.98	0.04	1187.2416	0.00001	9.865	0.022	959.9033	0.0014	0.02703	0.00062	11.7093	0.0014	0.05302	0.00074	23.4118	0.00046	0.01075	0.00034	10.1127	0.00056	0.03034	0.00032	90.9030	0.00029	0.00377	0.00008	34.3002	0.00021	14150	10	15919.7033	0.1	75.6	0.5	277.4249	0.3	51470	50	34988.7217	0.1	3.8	0.7	5.9453	0.9	21.2	0.5	47.0999	0.6	16.6	0.2	181.7175	0.3	590.1	1.7	1065.2635	0.1	53.7	0.6	95.2834	0.8	6.4	0.4	17.0643	1.2	8.1	0.7	20.3338	0.6	
It.N.2.0-10.16	TQ Powders	5/15/2018 11:16:40 AM	10.4570	0.0818	0.0029	5.9078	0.011	21.75	0.04	1153.4431	0.00001	10.43	0.02	1003.2497	0.0013	0.02734	0.00063	11.3610	0.0014	0.05533	0.00075	24.0182	0.00044	0.01034	0.00034	9.6473	0.00056	0.03121	0.00032	92.0058	0.00029	0.00608	0.00011	44.6697	0.00021	13820	10	15306.3089	0.1	76.4	0.5	277.0098	0.4	49520	50	33214.8633	0.1	3.0	0.7	4.6938	0.9	23.1	0.5	51.4958	0.6	17.5	0.2	192.3948	0.3	562.1	1.7	1012.2700	0.1	51.7	0.6	91.7243	0.8	5.5	0.4	14.9840	1.1	7.3	0.7	18.3685	0.6	
It.N.4.0-10.16	TQ Powders	5/15/2018 11:30:32 AM	10.4807	0.0811	0.0029	5.9090	0.011	21.57	0.04	1153.5802	0.00001	9.631	0.022	936.5771	0.0015	0.02978	0.00066	12.1971	0.0014	0.05908	0.00077	26.1259	0.00043	0.00981	0.00033	9.3929	0.00056	0.03057	0.00032	92.0018	0.00029	0.00523	0.00010	41.9611	0.00021	13940	10	15772.0638	0.1	73.9	0.5	272.7950	0.4	51650	50	35187.1092	0.1	3.8	0.7	6.0130	0.9	22.1	0.5	49.0787	0.6	17.9	0.2	196.3025	0.3	584.9	1.7	1052.8894	0.1	54.9	0.6	97.2845	0.8	6.0	0.4	16.2453	1.2	7.0	0.7	17.5388	0.7	
JP.N.2.10-20.16	TQ Powders	5/15/2018 11:44:21 AM	12.0856	< 0.0020	(0.0)	4.3634	0.0020	18.63	0.05	537.6935	0.012	30.77	0.05	2086.3395	0.00001	< 0.00030	(0.0)	2.9171	0.00030	0.01080	0.00041	3.6205	0.00057	0.00534	0.00024	4.6923	0.00063	0.02181	0.00025	50.4033	0.00021	0.00184	0.00007	9.4607	0.00017	1758	3	1598.6921	0.1	51.8	0.3	166.7300	0.4	10710	20	5467.9198	0.1	2.4	0.5	3.8371	0.8	4.8	0.3	11.2334	0.6	1.6	0.1	17.4231	0.3	333.0	1.4	531.2038	0.1	6.6	0.3	13.0795	1.1	< 1.3	(1.1)	5.2045	1.3	4.8	0.3	11.0337	0.6	
JP.N.3.10-20.16	TQ Powders	5/15/2018 11:58:10 AM	10.5605	< 0.0020	(0.0)	4.3804	0.0020	17.70	0.05	574.4979	0.010	31.54	0.04	2356.4183	0.00001	0.00298	0.00016	3.1047	0.0018	0.01254	0.00043	4.3865	0.00054	0.00394	0.00023	3.9562	0.00059	0.02146	0.00024	51.1906	0.00019	0.00148	0.00006	8.5868	0.00016	1580	3	1471.6688	0.1	52.7	0.3	172.8776	0.4	11720	20	6326.5532	0.1	2.9	0.5	4.7817	0.8	6.2	0.3	15.3069	0.5	1.2	0.1	13.5481	0.3	259.1	1.2	442.8120	0.4	5.8	0.3	12.5186	1.0	2.1	0.2	7.4278	1.1	5.7	0.3	13.9970	0.6	
JP.N.1.10-20.16	TQ Powders	5/15/2018 12:12:02 PM	9.3304	< 0.0020	(0.0)	4.5979	0.0020	11.79	0.03	630.1245	0.0064	26.09	0.04	2546.8145	0.00001	0.00612	0.00032	3.4476	0.0016	0.01226	0.00042	4.4804	0.00048	0.00348	0.00023	3.6394	0.00057	0.02960	0.00030	65.1358	0.00019	0.00281	0.00010	12.7499	0.00017	1805	4	1474.6377	0.1	189.3	0.7	525.7500	0.4	10810	20	6091.0696	0.1	4.0	0.5	6.8957	0.7	4.1	0.3	10.1651	0.5	1.0	0.1	13.6177	0.2	197.7	1.0	414.2248	0.4	5.5	0.3	13.9860	0.7	2.4	0.2	8.9308	0.8	9.7	0.3	28.9521	0.4	
JP.N.4.10-20.16	TQ Powders	5/15/2018 12:26:22 PM	9.8389	< 0.0020	(0.0)	4.3999	0.0020	9.115	0.024	616.6172	0.0051	22.11	0.03	2576.4160	0.00001	0.00674	0.00032	3.8682	0.0014	0.01071	0.00037	4.4465	0.00045	0.00409	0.00021	4.3097	0.00049	0.02184	0.00024	55.1004	0.00017	0.00142	0.00006	9.1537	0.00014	1814	3	1719.7290	0.1	188.7	0.6	612.1359	0.3	11740	20	7703.7119	0.1	2.9	0.4	5.5189	0.6	4.7	0.3	12.8807	0.4	1.0	0.1	13.5300	0.2	201.4	0.9	454.0628	0.3	4.1	0.2	11.7915	0.7	0.8	0.1	5.0787	0.8	12.2	0.3	39.9979	0.4	
JP.N.4.0-10.16	TQ Powders	5/15/2018 12:40:44 PM	9.1478	0.01287	0.00052	5.0222	0.0089	9.214	0.024	625.8627	0.0054	24.41	0.03	2894.6447	0.00001	0.00430	0.00020	4.2220	0.0015	0.01754	0.00045	6.8218	0.00041	0.00951	0.00031	8.0236	0.00051	0.02881	0.00028	72.8663	0.00017	0.00520	0.00011	24.2840	0.00015	2034	4	1935.2913	0.1	70.5	0.4	229.9216	0.3	8429	13	5577.7684	0.1	3.1	0.4	6.2356	0.6	4.8	0.3	13.8289	0.4	1.3	0.1	19.4051	0.2	247.2	1.0	579.9105	0.1	5.4	0.3	14.9595	0.6	1.7	0.2	7.5809	0.8	4.8	0.2	16.3697	0.4	
JP.N.3.0-10.16	TQ Powders	5/15/2018 12:55:05 PM	11.2597	< 0.0020	(0.0)	4.4489	0.0020	18.42	0.05	543.1228	0.011	31.17	0.05	2144.9529	0.00001	0.01069	0.00048	3.7834	0.0018	0.01587	0.00046	5.2603	0.00050	0.00520	0.00024	4.6039	0.00059	0.02403	0.00025	55.2371	0.00019	0.00227	0.00008	10.5145	0.00016	1401	3	1265.9457	0.1	44.8	0.3	143.3040	0.3	7815	13	4005.2282	0.1	2.2	0.5	3.4792	0.8	4.1	0.3	9.8153	0.5	1.0	0.1	11.2087	0.3	231.7	1.1	376.6884	0.5	7.2	0.3	13.9282	1.0	3.6	0.3	10.0580	1.1	4.7	0.3	10.7705	0.6	
JP.E1.1.20-40.16	TQ Powders	5/15/2018 1:33:35 PM	9.5115	0.00956	0.00038	4.9307	0.0086	15.71	0.04	819.8630	0.0051	22.59	0.03	2161.9958	0.00001	0.00851	0.00032	5.5173	0.0015	0.01695	0.00049	6.1610	0.00052	0.00404	0.00025	4.1253	0.00059	0.01998	0.00026	47.4298	0.00022	0.00236	0.00007	14.5123	0.00017	4029	6	3552.8376	0.1	73.9	0.5	221.6070	0.4	20830	20	12614.0232	0.1	1.4	0.5	2.4380	0.7	6.6	0.3	16.1417	0.5	1.2	0.1	15.2376	0.2	330.8	1.2	687.6039	0.1	9.1	0.3	21.2282	0.7	1.2	0.2	5.9899	0.9	2.7	0.3	7.9540	0.5	
JP.E1.2.20-40.16	TQ Powders	5/15/2018 1:47:53 PM	9.2151	0.0372	0.0014	5.3375	0.010	16.27	0.04	865.6544	0.0050	22.85	0.03	2200.9148	0.00001	0.0664	0.0012	14.9963	0.0015	0.02916	0.00059	10.5836	0.00046	0.00334	0.00024	3.6836	0.00059	0.02092	0.00026	49.7519	0.00021	0.02525	0.00021	103.9377	0.00015	3420	5	3024.1583	0.1	56.2	0.4	169.4554	0.4	17050	20	10397.8479	0.1	6.7	0.5	12.0211	0.7	12.5	0.3	31.7692	0.5	2.5	0.1	33.8453	0.2	324.4	1.2	692.1101	0.1	9.3	0.3	22.1452	0.7	3.1	0.3	10.7940	0.9	2.8	0.3	8.7095	0.4	
JP.E1.3.20-40.16	TQ Powders	5/15/2018 2:02:14 PM	9.1087	0.0276	0.0011	5.1863	0.011	16.29	0.04	873.8742	0.0050	22.59	0.03	2230.8795	0.00001	0.01781	0.00065	5.7295	0.0015	0.01971	0.00051	7.4263	0.00051	0.00392	0.00024	4.1573	0.00058	0.02303	0.00027	57.3589	0.00022	0.00218	0.00007	14.4286	0.00016	4243	6	3958.2028	0.1	75.8	0.4	240.9013	0.4	20400	20	13055.3331	0.1	1.4	0.5	2.5917	0.7	6.6	0.3	17.0491	0.5	1.2	0.1	16.1227	0.2	211.6	1.0	455.0738	0.4	8.9	0.3	21.4320	0.7	2.6	0.2	9.6983	0.8	2.6	0.3	8.0041	0.5	
JP.E1.4.20-40.16	TQ Powders	5/15/2018 2:16:32 PM	9.1403	0.01625	0.00064	5.0264	0.011	15.93	0.04	842.2788	0.0051	22.97	0.03	2225.6179	0.00001	0.01237	0.00049	5.0200	0.0015	0.01690	0.00048	6.2260	0.00051	0.00268	0.00021	3.2697	0.00059	0.02115	0.00026	50.9932	0.00021	0.00436	0.00010	21.9601	0.00016	3683	5	3309.6152	0.1	64.6	0.4	197.9082	0.4	17630	20	10913.8214	0.1	1.6	0.5	2.8368	0.7	6.2	0.3	15.7803	0.5	1.3	0.1	16.9394	0.2	232.5	1.0	497.3030	0.3	8.0	0.3	19.3044	0.7	2.1	0.2	8.4540	0.8	2.8	0.3	8.6934	0.4	
JP.E1.1.40-60.16	TQ Powders	5/15/2018 2:30:54 PM	9.2815	< 0.0020	(0.0)	4.7850	0.0020	16.24	0.04	843.6490	0.0039	22.02	0.03	2093.8057	0.00001	0.00837	0.00035	4.5671	0.0015	0.02284	0.00054	8.3383	0.00048	0.00199	0.00018	2.8142	0.00058	0.01917	0.00025	45.9048	0.00022	0.00242	0.00008	14.3679	0.00016	3725	6	3318.5213	0.1	66.2	0.4	200.9303	0.4	18830	20	11543.7677	0.1	1.6	0.5	2.8075	0.7	5.6	0.3	14.1899	0.5	1.2	0.1	15.5427	0.2	251.2	1.1	532.1439	0.3	7.7	0.3	18.7060	0.7	1.3	0.2	6.3486	0.8	3.0	0.3	9.0937	0.5	
JP.E1.3.40-60.16	TQ Powders	5/15/2018 2:45:12 PM	9.3159	0.01126	0.00044	4.9565	0.010	15.31	0.04	797.5430	0.0051	22.89	0.03	2190.1240	0.00001	0.00863	0.00037	4.5872	0.0015	0.01733	0.00049	6.2699	0.00050	0.00221	0.00019	2.9455	0.00058	0.01956	0.00025	46.2655	0.00022	0.00161	0.00006	10.7852	0.00016	3599	5	3161.2610	0.1	66.2	0.4	198.1687	0.4	17950	20	10860.9643	0.1	< 0.2	(0.2)	0.4246	0.2	6.0	0.3	15.0927	0.5	1.1	0.1	15.0725	0.2	251.2	1.1	531.0991	0.3	8.9	0.3	20.7546	0.7	1.1	0.2	5.8744	0.8	2.3	0.3	6.9853	0.5	
JP.E1.4.40-60.16	TQ Powders	5/15/2018 2:59:36 PM	9.2757	0.0360	0.0013	5.2926	0.010	17.63	0.04	913.0726	0.0030	20.33	0.03	1918.7849	0.00001	0.01465	0.00058	5.0920	0.0015	0.01768	0.00049	6.6237	0.00052	0.00245	0.00020	3.1494	0.00057	0.02155	0.00026	53.0394	0.00022	0.00112	0.00005	10.1777	0.00016	4479	6	4119.2108	0.1	72.5	0.4	226.7421	0.4	21470	20	13520.4346	0.1	< 0.1	(0.1)	0.2071	0.1	6.8	0.3	17.2110	0.5	1.4	0.1	18.5365	0.2	209.2	1.0	441.0701	0.4	8.6	0.3	20.2994	0.7	3.0	0.2	10.5247	0.8	3.3	0.3	9.9828	0.5	
JP.E1.2.40-60.16	TQ Powders	5/15/2018 3:13:57 PM	9.0318	< 0.010	(0.0093)	4.9265	0.010	16.86	0.04	890.3274	0.0045	21.93	0.03	2108.9873	0.00001	0.01441	0.00057	4.9801	0.0015	0.01761	0.00049	6.5623	0.00050	0.00382	0.00023	4.0454	0.00057	0.01869	0.00024	45.7436	0.00021	0.00116	0.00005	9.3302	0.00016	3633	5	3316.6918	0.1	56.9	0.4	177.2793	0.4	17730	20	11147.9688	0.1	< 0.5	(0.0)	0.0000	0.5	5.6	0.3	14.5314	0.5	1.0	0.1	13.5565	0.2	199.8	1.0	431.2594	0.4	7.4	0.3	18.2912	0.7	3.5	0.3	11.8929	0.8	3.1	0.3	9.7082	0.4	
JP.E1.1.60-100.16	TQ Powders	5/15/2018 3:28:16 PM	9.5880	< 0.0020	(0.0)	4.7889	0.0020	17.26	0.04	930.7574	0.0045	21.83	0.03	2149.5690	0.00001	< 0.0016	(0.00081)	4.9315	0.0016	0.01297	0.00046	4.9671	0.00056	0.00427	0.00025	4.4098	0.00059	0.02228	0.00027	55.8834	0.00023	0.00081	0.00003	10.5819	0.00017	4809	6	4514.4892	0.1	88.3	0.5	281.5738	0.4	27290	30	17470.0415	0.1	3.2	0.5	5.5871	0.8	8.7	0.3	21.5928	0.5	1.6	0.1	21.0500	0.2	385.3	1.3	797.8753	0.1	13.3	0.4	29.2314	0.8	3.4	0.3	11.3671	1.0	3.7	0.4	10.9188	0.5	
JP.E1.2.60-100.16	TQ Powders	5/15/2018 3:42:35 PM	9.2833	0.0379	0.0015	5.3390	0.011	17.47	0.04	947.6416	0.0044	21.65	0.03	2139.0592	0.00001	0.00665	0.00028	4.8006	0.0015	0.01795	0.00050	6.8994	0.00052	0.00387	0.00024	4.1590	0.00058	0.02136	0.00026	54.1004	0.00022	0.00101	0.00004	10.7302	0.00016	4582	6	4346.8888	0.1	79.4	0.5	256.0384	0.4	24180	30	15684.5338	0.1	4.1	0.5	7.4333	0.7	9.4	0.3	23.9283	0.5	1.3	0.1	16.8545	0.2	288.0	1.1	610.1482	0.2	12.4	0.3	28.0472	0.7	2.7	0.3	9.7508	0.9	3.9	0.4	11.8954	0.5	
JP.E1.3.60-100.16	TQ Powders	5/15/2018 3:56:57 PM	9.5242	0.01857	0.00072	5.0625	0.010	17.36	0.04	914.9871	0.0037	21.51	0.03	2041.7770	0.00001	0.00705	0.00028	4.8617	0.0015	0.01100	0.00043	4.0934	0.00054	0.00253	0.00020	3.1720	0.00058	0.02099	0.00026	50.3354	0.00022	0.00100	0.00004	9.5494	0.00017	4251	6	3791.6625	0.1	73.4	0.4	222.5795	0.4	21990	30	13456.0162	0.1	2.6	0.5	4.5463	0.7	7.0	0.3	17.2514	0.5	1.1	0.1	14.7679	0.2	297.1	1.2	616.8342	0.2	11.2	0.3	25.2770	0.7	3.0	0.3	10.4645	0.9	3.7	0.3	11.1657	0.5	
JP.E1.4.60-100.16	TQ Powders	5/15/2018 4:11:20 PM	9.2549	0.02720	0.00100	5.1793	0.0099	17.74	0.04	915.1367	0.0029	20.50	0.03	1908.3855	0.00001	0.00882	0.00035	4.9171	0.0015	0.01095	0.00043	4.0423	0.00053	0.00389	0.00024	4.0518	0.00058	0.01926	0.00025	46.2610	0.00022	0.00099	0.00005	8.7139	0.00016	3853	6	3442.8520	0.1	61.3	0.4	186.7316	0.4	18840	20	11579.8701	0.1	< 0.7	(0.7)	1.2959	0.7	7.0	0.3	17.6018	0.5	1.0	0.1	13.3366	0.2	272.5	1.1	578.0014	0.2	11.0	0.3	25.0055	0.7	2.7	0.3	9.9003	0.9	2.6	0.3	7.8877	0.5	
