McMahon_VgE
Element	Method	Eval Date	Mass coefficient.	Mg	Mg	Mg	Mg	Al	Al	Al	Al	Si	Si	Si	Si	P	P	P	P	S	S	S	S	Cl	Cl	Cl	Cl	K	K	K	K	Ca	Ca	Ca	Ca	Ti	Ti	Ti	Ti	Mn	Mn	Mn	Mn	Fe	Fe	Fe	Fe	Cu	Cu	Cu	Cu	Zn	Zn	Zn	Zn	Sr	Sr	Sr	Sr	Zr	Zr	Zr	Zr	Nb	Nb	Nb	Nb	Mo	Mo	Mo	Mo	Pb	Pb	Pb	Pb	
Dimension			cm²/g	%	Abs. Error ( %)	Norm. Int.	%	%	Abs. Error ( %)	Norm. Int.	%	%	Abs. Error ( %)	Norm. Int.	%	%	Abs. Error ( %)	Norm. Int.	%	%	Abs. Error ( %)	Norm. Int.	%	%	Abs. Error ( %)	Norm. Int.	%	%	Abs. Error ( %)	Norm. Int.	%	%	Abs. Error ( %)	Norm. Int.	%	µg/g	Abs. Error ( µg/g)	Norm. Int.	µg/g	µg/g	Abs. Error ( µg/g)	Norm. Int.	µg/g	µg/g	Abs. Error ( µg/g)	Norm. Int.	µg/g	µg/g	Abs. Error ( µg/g)	Norm. Int.	µg/g	µg/g	Abs. Error ( µg/g)	Norm. Int.	µg/g	µg/g	Abs. Error ( µg/g)	Norm. Int.	µg/g	µg/g	Abs. Error ( µg/g)	Norm. Int.	µg/g	µg/g	Abs. Error ( µg/g)	Norm. Int.	µg/g	µg/g	Abs. Error ( µg/g)	Norm. Int.	µg/g	µg/g	Abs. Error ( µg/g)	Norm. Int.	µg/g	
Vg.E.Ee1.1.0-10.16	TQ Powders	7/10/2017 11:36:27 AM	13.8764	0.0933	0.0037	6.1720	0.013	18.50	0.04	1062.2409	0.0024	9.842	0.022	1072.4403	0.0020	0.02192	0.00055	12.7599	0.0017	0.06333	0.00088	29.6280	0.00064	0.00551	0.00032	6.2375	0.00068	0.01853	0.00026	59.3610	0.00027	0.00353	0.00006	50.9347	0.00018	10980	10	13126.9758	0.1	186.6	0.6	729.7592	0.3	105500	100	75737.1169	0.1	9.8	1.0	12.0387	1.3	39.0	0.8	67.3649	0.9	13.3	0.3	112.8366	0.4	923.3	2.5	1354.2885	0.1	61.0	0.7	89.7521	1.0	8.6	0.5	18.9380	1.5	16.7	0.9	32.8655	0.9	
Vg.E.Ee2.1.0-10.16	TQ Powders	7/10/2017 11:50:24 AM	13.9821	0.0570	0.0024	5.5864	0.014	18.35	0.04	996.3590	0.0025	10.73	0.02	1121.2241	0.0019	0.01668	0.00044	11.7367	0.0017	0.05665	0.00085	25.4454	0.00066	0.00488	0.00031	5.5183	0.00068	0.01864	0.00026	57.2330	0.00028	0.00405	0.00006	50.8809	0.00018	10720	10	12312.6779	0.1	207.9	0.7	784.3109	0.3	103200	100	71209.4853	0.1	11.0	1.0	13.3002	1.2	45.8	0.8	78.4129	0.8	13.8	0.3	115.4528	0.4	966.1	2.5	1394.5440	0.1	61.2	0.7	88.4410	1.0	8.3	0.5	18.0176	1.6	17.8	0.8	34.5137	0.9	
Vg.E.L.1.0-10.16	TQ Powders	7/10/2017 12:04:17 PM	14.0764	0.0350	0.0016	5.3103	0.013	18.38	0.04	1054.8561	0.0024	9.396	0.022	1027.6277	0.0021	0.01730	0.00046	12.1058	0.0017	0.05661	0.00084	26.6637	0.00067	0.00878	0.00037	9.1045	0.00067	0.02010	0.00026	64.9359	0.00028	0.00447	0.00007	57.2175	0.00018	11510	10	13886.5652	0.1	185.2	0.6	727.9383	0.3	108700	100	78282.6602	0.1	8.6	1.0	10.3385	1.3	37.3	0.8	63.6498	0.9	12.4	0.3	103.3156	0.4	969.1	2.5	1403.0203	0.1	64.8	0.7	93.7130	1.0	9.5	0.6	20.2375	1.6	13.7	0.9	26.5599	0.9	
Vg.E.T.1.0-10.16	TQ Powders	7/10/2017 12:18:12 PM	14.1210	0.0666	0.0028	5.7333	0.013	18.69	0.04	1030.9665	0.0025	9.963	0.023	1050.6584	0.0021	0.00513	0.00017	10.4575	0.0017	0.06299	0.00089	28.6204	0.00065	0.00683	0.00035	7.2124	0.00068	0.01638	0.00025	51.2192	0.00028	0.00480	0.00007	56.4490	0.00018	11100	10	12951.8786	0.1	193.2	0.6	738.0880	0.3	106200	100	74208.2714	0.1	9.0	1.0	10.8020	1.3	41.9	0.8	71.1399	0.9	12.7	0.3	105.2638	0.4	1092	3	1567.6100	0.1	62.5	0.7	90.0000	1.0	9.1	0.6	19.4526	1.7	13.2	0.9	25.5164	0.9	
Vg.E.Ee1.2.0-10.16	TQ Powders	7/10/2017 12:32:07 PM	13.7553	0.0456	0.0020	5.4356	0.013	17.93	0.04	984.8853	0.0025	9.925	0.023	1053.8597	0.0020	0.01791	0.00046	12.2330	0.0017	0.06828	0.00090	31.3624	0.00062	0.00527	0.00031	5.9492	0.00067	0.01986	0.00026	62.5881	0.00027	0.01055	0.00011	86.2813	0.00018	10460	10	12347.1498	0.1	158.2	0.6	613.7218	0.3	102700	100	72479.1794	0.1	8.2	0.9	10.0768	1.3	33.5	0.8	58.1992	0.9	11.3	0.3	96.1096	0.4	972.1	2.5	1419.7594	0.1	57.5	0.7	84.1895	1.0	8.3	0.5	18.1756	1.6	16.1	0.8	31.5471	0.9	
Vg.E.T.4.0-10.16	TQ Powders	7/10/2017 12:46:01 PM	14.1585	0.0647	0.0027	5.6809	0.014	18.78	0.04	1006.1293	0.0026	10.31	0.02	1060.7235	0.0021	0.01169	0.00034	11.4414	0.0017	0.1121	0.0011	49.6073	0.00058	0.00548	0.00033	5.9805	0.00070	0.01763	0.00026	53.8001	0.00028	0.00793	0.00010	70.6247	0.00018	11380	10	12974.9899	0.1	177.7	0.6	664.0803	0.3	104800	100	71462.1183	0.1	8.7	1.0	10.4238	1.4	36.1	0.8	61.0011	1.0	11.9	0.3	98.0040	0.4	1064	3	1516.0287	0.1	62.5	0.7	88.9268	1.0	8.3	0.6	17.8459	1.7	12.6	0.9	24.1491	1.0	
Vg.E.Ee1.3.0-10.16	TQ Powders	7/10/2017 12:59:56 PM	13.9976	0.0654	0.0027	5.7068	0.013	18.95	0.04	1033.2880	0.0024	9.918	0.023	1032.5860	0.0020	< 0.0017	(0.0011)	9.5961	0.0017	0.05975	0.00086	27.0125	0.00065	0.00441	0.00029	5.1680	0.00067	0.01704	0.00025	52.8696	0.00028	0.01140	0.00012	89.4480	0.00018	11350	10	13141.3444	0.1	164.0	0.6	621.8686	0.3	103900	100	71978.0600	0.1	7.5	0.9	9.0895	1.2	37.8	0.8	64.6718	0.9	11.3	0.3	94.4867	0.4	1081	3	1559.0285	0.1	62.9	0.7	90.9136	1.0	8.2	0.6	17.9106	1.7	15.7	0.9	30.4050	0.9	
Vg.E.L.2.0-10.16	TQ Powders	7/10/2017 1:13:51 PM	14.1548	0.0495	0.0021	5.4936	0.013	18.59	0.04	1025.0452	0.0025	9.698	0.022	1024.8619	0.0021	0.01213	0.00034	10.8649	0.0017	0.06243	0.00088	28.5184	0.00066	0.00313	0.00027	4.1488	0.00068	0.01466	0.00024	46.1906	0.00028	0.00043	0.00001	34.0638	0.00018	11170	10	13124.1425	0.1	164.0	0.6	630.5411	0.3	107200	100	75150.8422	0.1	7.5	1.0	8.9800	1.3	37.4	0.8	63.3386	0.9	10.7	0.3	88.4653	0.4	973.5	2.6	1394.2738	0.1	63.2	0.7	90.3667	1.0	9.9	0.6	20.6907	1.6	13.1	0.9	25.2294	0.9	
Vg.E.Ee2.2.0-10.16	TQ Powders	7/10/2017 1:27:45 PM	14.0196	< 0.0020	(0.0)	4.3904	0.0020	18.44	0.04	1009.9956	0.0024	10.01	0.02	1053.3545	0.0020	< 0.0017	(0.0015)	9.1581	0.0017	0.05205	0.00082	23.7165	0.00067	0.00647	0.00033	6.9095	0.00067	0.01887	0.00026	58.9064	0.00027	0.00833	0.00010	74.5100	0.00018	10890	10	12716.3510	0.1	165.6	0.6	634.3623	0.3	105200	100	73486.5540	0.1	6.9	0.9	8.3286	1.4	30.7	0.8	52.3293	0.9	10.9	0.3	91.1904	0.4	1025	3	1476.3092	0.1	62.9	0.7	90.3743	1.0	8.3	0.6	17.9651	1.6	14.7	0.9	28.3783	1.0	
Vg.E.4.10-20.16	TQ Powders	7/10/2017 1:41:40 PM	13.9615	0.0311	0.0014	5.2137	0.014	19.03	0.04	1004.1980	0.0024	9.675	0.023	981.7257	0.0021	< 0.00030	(0.0)	8.8964	0.00030	0.05885	0.00087	26.1888	0.00066	0.00399	0.00028	4.7698	0.00067	0.01410	0.00024	43.2730	0.00028	0.00130	0.00003	36.2071	0.00018	11040	10	12650.3727	0.1	166.4	0.6	625.6773	0.3	102600	100	70115.9061	0.1	8.6	0.9	10.3353	1.3	37.2	0.8	63.5290	0.9	11.3	0.3	94.0183	0.4	1184	3	1629.6207	0.1	67.2	0.8	90.4791	1.0	9.9	0.6	19.6020	1.8	14.2	0.9	27.4387	0.9	
Vg.E.3.10-20.16	TQ Powders	7/10/2017 1:55:34 PM	13.8450	0.0458	0.0019	5.4033	0.014	19.74	0.04	1029.6291	0.0023	10.22	0.02	1015.7929	0.0020	< 0.00030	(0.0)	7.9075	0.00030	0.05739	0.00086	24.9783	0.00065	0.00262	0.00025	3.6072	0.00068	0.01354	0.00023	40.5804	0.00028	0.00847	0.00010	70.3584	0.00018	10870	10	12153.3374	0.1	156.9	0.6	577.1574	0.3	99330	90	66654.0949	0.1	6.3	0.9	7.6375	1.3	31.3	0.7	53.7397	0.9	10.0	0.2	83.6531	0.4	1072	3	1438.4772	0.1	67.9	0.8	88.9250	1.0	9.9	0.6	19.0596	1.7	14.0	0.8	27.0575	0.9	
Vg.E.T.2.0-10.16	TQ Powders	7/10/2017 2:09:29 PM	13.9574	0.0571	0.0024	5.5938	0.013	18.59	0.04	1016.0767	0.0024	11.19	0.02	1168.8779	0.0019	0.00806	0.00023	11.5465	0.0017	0.06542	0.00090	29.0683	0.00065	0.00414	0.00029	4.8837	0.00069	0.02213	0.00027	67.2560	0.00028	0.00758	0.00010	68.0750	0.00019	11040	10	12560.7516	0.1	170.5	0.6	636.2321	0.3	102000	100	69939.7656	0.1	8.2	0.9	10.0039	1.3	33.3	0.8	57.0891	0.9	11.1	0.3	93.2032	0.4	1150	3	1655.1930	0.1	63.8	0.7	91.5616	1.0	8.5	0.6	18.3390	1.7	14.8	0.8	28.7113	0.9	
Vg.E.1.10-20.16	TQ Powders	7/10/2017 2:56:01 PM	14.4079	0.0681	0.0028	5.7506	0.014	19.19	0.04	1048.6407	0.0025	9.894	0.023	1029.9599	0.0021	0.01502	0.00042	11.0299	0.0017	0.05548	0.00085	25.0137	0.00069	0.00523	0.00032	5.8310	0.00069	0.01731	0.00025	53.5193	0.00028	0.00232	0.00004	43.8200	0.00019	11550	10	13317.1474	0.1	199.8	0.7	753.4413	0.3	109100	100	75269.1476	0.1	9.4	1.0	11.0544	1.4	40.2	0.8	66.9749	0.9	13.2	0.3	107.1497	0.4	940.5	2.5	1329.4185	0.1	62.9	0.7	89.0799	1.0	8.2	0.5	17.6185	1.6	15.9	0.9	30.1438	1.0	
Vg.E.2.10-20.16	TQ Powders	7/10/2017 3:09:55 PM	14.3909	0.0657	0.0027	5.6956	0.014	19.33	0.04	1037.1086	0.0024	9.998	0.023	1023.9917	0.0021	0.00999	0.00031	9.6424	0.0017	0.05541	0.00085	24.6528	0.00068	0.00379	0.00028	4.6060	0.00069	0.01399	0.00024	42.8469	0.00028	0.00307	0.00005	46.8984	0.00018	11080	10	12642.2226	0.1	163.7	0.6	612.3194	0.3	108100	100	73879.6446	0.1	6.1	1.0	7.1302	1.2	35.5	0.8	59.0521	0.8	10.8	0.3	87.7248	0.4	901.4	2.5	1272.6258	0.1	60.1	0.7	85.3315	1.0	8.6	0.5	18.3060	1.6	15.4	0.9	29.0614	0.9	
Vg.E.2.20-40.16	TQ Powders	7/10/2017 3:23:50 PM	14.3155	0.0627	0.0027	5.6825	0.013	18.96	0.04	1046.9149	0.0024	9.313	0.022	981.6388	0.0021	0.00628	0.00020	9.5146	0.0017	0.04973	0.00081	22.8227	0.00069	0.00243	0.00024	3.5660	0.00067	0.01217	0.00022	38.5638	0.00028	0.00073	0.00001	36.4957	0.00018	10990	10	12948.2096	0.1	160.9	0.6	620.4327	0.3	109800	100	77207.0785	0.1	8.2	1.0	9.7368	1.3	35.5	0.8	59.4409	0.9	11.3	0.3	92.1619	0.4	963.2	2.6	1369.7667	0.1	62.0	0.7	88.2975	1.0	8.7	0.6	18.5812	1.6	13.8	0.9	26.2702	1.0	
Vg.E.3.20-40.16	TQ Powders	7/10/2017 3:37:46 PM	14.4742	0.0349	0.0015	5.2803	0.014	19.90	0.04	1079.9790	0.0024	8.852	0.022	910.0618	0.0022	0.00561	0.00018	8.9916	0.0017	0.05451	0.00084	24.7403	0.00069	0.00348	0.00027	4.4112	0.00068	0.01206	0.00022	37.7186	0.00028	0.00098	0.00002	37.5425	0.00018	11200	10	13018.9289	0.1	150.0	0.6	570.6964	0.3	110900	100	76898.9290	0.1	7.9	1.0	9.2950	1.3	37.1	0.8	61.4743	0.9	11.2	0.3	90.3903	0.4	931.9	2.5	1308.2453	0.1	64.4	0.8	90.5375	1.0	9.2	0.6	19.1860	1.6	18.3	0.9	34.3624	0.9	
Vg.E.1.20-40.16	TQ Powders	7/10/2017 3:51:41 PM	14.4113	0.0616	0.0026	5.6728	0.013	19.08	0.04	1060.7909	0.0024	9.283	0.022	983.1279	0.0022	< 0.00030	(0.0)	7.8901	0.00030	0.05129	0.00083	23.6356	0.00069	0.00370	0.00028	4.6435	0.00067	0.01464	0.00024	46.3553	0.00028	0.00116	0.00002	39.3617	0.00018	11120	10	13113.8476	0.1	192.5	0.6	742.2924	0.3	111800	100	78714.1367	0.1	8.5	1.0	10.0533	1.4	40.6	0.8	67.5380	1.0	13.8	0.3	112.0299	0.4	1044	3	1475.9708	0.1	63.6	0.7	90.1276	1.0	9.5	0.6	19.8850	1.7	16.5	0.9	31.1513	1.0	
Vg.E.4.20-40.16	TQ Powders	7/10/2017 4:05:35 PM	14.8629	0.0375	0.0017	5.3094	0.014	19.97	0.04	1069.7629	0.0024	8.989	0.022	916.0230	0.0023	0.00784	0.00025	8.9904	0.0017	0.06176	0.00089	27.5616	0.00069	0.00310	0.00026	4.0631	0.00069	0.01188	0.00023	36.7341	0.00028	0.00056	0.00001	36.1443	0.00018	11410	10	13107.3345	0.1	169.4	0.6	636.4597	0.4	115300	100	78873.2875	0.1	8.5	1.0	9.7418	1.4	37.7	0.8	60.8733	1.0	13.0	0.3	102.4014	0.4	899.1	2.5	1234.9972	0.1	66.4	0.8	91.1607	1.0	9.0	0.6	18.5687	1.6	13.5	1.0	24.8823	1.0	
Vg.E.4.60-100.16	TQ Powders	7/10/2017 4:19:29 PM	15.0525	0.0644	0.0027	5.6783	0.014	20.15	0.04	1081.2505	0.0024	8.750	0.022	891.8250	0.0023	< 0.00030	(0.0)	6.0592	0.00030	0.05257	0.00085	23.5839	0.00072	0.00094	0.00014	2.3009	0.00069	0.01145	0.00023	35.4899	0.00029	< 0.0010	(0.0)	24.7897	0.00100	11400	10	13117.9715	0.1	165.1	0.6	621.2203	0.4	118200	100	80997.1794	0.1	9.3	1.0	10.5065	1.4	41.0	0.8	65.3465	0.9	13.6	0.3	105.7467	0.4	1012	3	1376.1985	0.1	67.3	0.8	91.7941	1.1	10.4	0.6	20.8567	1.7	16.5	1.0	29.9636	1.0	
Vg.E.2.60-100.16	TQ Powders	7/10/2017 4:33:24 PM	14.5244	0.0517	0.0022	5.4833	0.014	20.01	0.04	1040.6874	0.0024	9.556	0.023	948.5598	0.0022	0.00315	0.00011	7.8398	0.0017	0.03829	0.00075	16.8295	0.00073	0.00265	0.00024	3.6429	0.00068	0.01185	0.00023	35.8066	0.00028	< 0.0010	(0.0)	28.7962	0.00100	10930	10	12290.3213	0.1	154.8	0.6	571.8522	0.3	108900	100	73148.1044	0.1	9.3	0.9	10.8211	1.2	38.2	0.8	62.7929	0.8	11.5	0.3	92.3998	0.4	865.7	2.4	1203.0219	0.1	60.9	0.7	84.7862	1.0	10.8	0.6	21.7789	1.6	15.9	0.9	29.5061	0.9	
Vg.E.3.60-100.16	TQ Powders	7/10/2017 4:47:18 PM	14.7190	0.0710	0.0029	5.7616	0.014	20.54	0.05	1091.1361	0.0023	8.929	0.022	896.3378	0.0023	0.00415	0.00014	8.7478	0.0017	0.04413	0.00079	19.6462	0.00072	0.00225	0.00022	3.3542	0.00068	0.01164	0.00022	35.6746	0.00028	0.00044	0.00001	34.7051	0.00018	11310	10	12868.6671	0.1	151.9	0.6	566.3373	0.4	112700	100	76597.4992	0.1	6.4	1.0	7.4001	1.4	36.8	0.8	59.9547	0.9	11.4	0.3	90.6001	0.4	954.9	2.6	1320.7025	0.1	64.7	0.8	89.6323	1.0	8.1	0.6	17.0919	1.6	16.9	0.9	31.2621	1.0	
Vg.E.1.60-100.16	TQ Powders	7/10/2017 5:01:13 PM	15.0745	0.0563	0.0024	5.5589	0.014	20.29	0.05	1071.9992	0.0024	9.348	0.023	938.4739	0.0023	< 0.00030	(0.0)	7.8633	0.00030	0.04222	0.00079	18.5887	0.00074	0.00351	0.00027	4.3509	0.00069	0.01310	0.00023	39.7294	0.00029	< 0.0010	(0.0)	27.7677	0.00100	11490	10	12958.5108	0.1	194.0	0.7	715.8919	0.4	116900	100	78670.5871	0.1	9.1	1.0	10.2048	1.4	43.0	0.9	68.4290	1.0	14.2	0.3	110.5085	0.4	987.0	2.7	1334.5324	0.1	66.3	0.8	89.5693	1.1	9.7	0.6	19.5572	1.7	13.9	1.0	25.2270	1.0	
Vg.E.T.4.40-60.16	TQ Powders	7/10/2017 5:15:08 PM	14.7822	0.0450	0.0020	5.4286	0.014	20.29	0.04	1111.6212	0.0023	8.945	0.022	921.9452	0.0023	0.00724	0.00023	9.5881	0.0017	0.06401	0.00090	28.8494	0.00068	0.00141	0.00018	2.6930	0.00068	0.01151	0.00023	35.8906	0.00029	< 0.0010	(0.0)	27.8409	0.00100	11650	10	13468.5967	0.1	169.2	0.6	638.7235	0.4	114500	100	79103.6139	0.1	8.6	1.0	9.8485	1.4	36.5	0.8	59.4739	1.0	12.6	0.3	100.4861	0.4	974.3	2.6	1353.1084	0.1	64.1	0.8	89.1706	1.0	8.7	0.6	18.2687	1.6	15.2	1.0	28.2057	1.0	
Vg.E.Ee1.4.40-60.16	TQ Powders	7/10/2017 5:29:05 PM	14.3376	0.0292	0.0013	5.2253	0.013	19.33	0.04	1108.4239	0.0023	8.659	0.021	935.9230	0.0022	0.00962	0.00031	9.3136	0.0017	0.08910	0.00100	41.8257	0.00061	0.00226	0.00022	3.4770	0.00066	0.01204	0.00023	39.1183	0.00028	0.00051	0.00001	36.8310	0.00018	11420	10	13766.0351	0.1	170.4	0.6	669.4885	0.3	112200	100	80692.3881	0.1	9.6	1.0	11.4072	1.3	40.7	0.8	68.2506	0.9	12.7	0.3	104.3991	0.4	845.1	2.4	1210.3478	0.1	66.7	0.8	95.3295	1.0	9.6	0.5	20.2782	1.5	16.0	1.0	30.5991	0.9	
Vg.E.L.3.0-10.16	TQ Powders	7/12/2017 10:42:08 AM	13.3829	0.0852	0.0033	6.0212	0.013	18.08	0.04	1016.6905	0.0024	10.39	0.02	1117.1349	0.0019	0.02040	0.00051	12.9383	0.0016	0.06562	0.00087	30.2686	0.00061	0.00840	0.00036	8.6028	0.00066	0.02196	0.00027	69.2949	0.00027	0.03883	0.00023	234.3374	0.00017	10570	10	12475.7493	0.1	170.7	0.6	661.4589	0.3	97530	90	69281.4860	0.1	9.1	0.9	11.4480	1.3	36.4	0.8	64.8663	0.9	11.2	0.2	97.9086	0.4	960.6	2.5	1442.4024	0.1	57.9	0.7	86.9634	1.0	8.4	0.5	18.8491	1.5	14.1	0.8	28.4531	0.9	
Vg.E.T.3.0-10.16	TQ Powders	7/12/2017 10:56:35 AM	13.9375	0.0535	0.0023	5.5342	0.013	19.18	0.04	1035.7929	0.0023	10.37	0.02	1066.6242	0.0020	0.01684	0.00044	12.0021	0.0017	0.06319	0.00089	28.1058	0.00065	0.00418	0.00029	4.9218	0.00068	0.01697	0.00025	51.8139	0.00028	0.00574	0.00008	58.7193	0.00018	11300	10	12882.7146	0.1	161.2	0.6	602.8175	0.3	101900	100	69722.8904	0.1	6.6	0.9	7.9424	1.3	34.5	0.8	59.2192	0.9	10.2	0.2	85.6884	0.4	992.4	2.6	1437.4735	0.1	61.4	0.7	89.0348	1.0	8.5	0.6	18.4461	1.6	14.6	0.8	28.4133	0.9	
Vg.E.Ee2.3.0-10.16	TQ Powders	7/12/2017 11:11:03 AM	14.3893	0.0809	0.0033	5.9376	0.013	19.53	0.04	1075.7853	0.0023	9.259	0.022	966.3205	0.0022	< 0.00030	(0.0)	8.6257	0.00030	0.05067	0.00082	23.1043	0.00070	0.00344	0.00027	4.3917	0.00067	0.01527	0.00024	47.8074	0.00028	0.01485	0.00014	109.8430	0.00018	11410	10	13304.1660	0.1	171.7	0.6	654.4638	0.3	109800	100	76504.9568	0.1	5.9	1.0	6.9603	1.4	35.0	0.8	58.3120	1.0	11.9	0.3	97.1352	0.4	1072	3	1517.7197	0.1	66.1	0.8	93.5471	1.0	10.7	0.6	21.9700	1.7	15.4	0.9	29.0959	1.0	
Vg.E.L.4.0-10.16	TQ Powders	7/12/2017 11:25:27 AM	14.3937	0.0713	0.0029	5.8216	0.013	18.99	0.04	1065.4731	0.0024	9.003	0.022	961.6526	0.0022	0.01895	0.00050	12.0499	0.0017	0.05815	0.00086	27.0397	0.00068	0.00521	0.00032	5.9610	0.00068	0.01758	0.00025	56.1127	0.00028	0.00551	0.00007	63.1297	0.00018	11200	10	13336.7741	0.1	177.3	0.6	689.5105	0.3	112300	100	79730.1214	0.1	16.2	1.0	19.1561	1.2	43.0	0.8	71.7481	0.8	13.2	0.3	107.2288	0.4	946.8	2.5	1343.2776	0.1	65.2	0.8	92.7835	1.0	8.3	0.5	17.8430	1.6	16.8	0.9	31.8977	0.9	
Vg.E.Ee2.4.0-10.16	TQ Powders	7/12/2017 11:39:52 AM	13.8705	< 0.0020	(0.0)	4.3902	0.0020	18.24	0.04	1009.7596	0.0025	9.828	0.022	1045.7085	0.0020	0.02073	0.00052	12.8392	0.0017	0.06472	0.00088	29.7751	0.00063	0.00603	0.00033	6.6044	0.00067	0.01966	0.00026	62.0495	0.00027	0.00522	0.00007	58.4748	0.00018	11230	10	13257.0672	0.1	176.7	0.6	682.8583	0.3	103900	100	73199.5417	0.1	8.8	1.0	10.7460	1.3	39.0	0.8	67.1921	0.9	11.8	0.3	99.5320	0.4	977.6	2.5	1421.8319	0.1	65.6	0.7	95.1509	1.0	9.0	0.6	19.4409	1.6	15.2	0.9	29.6915	0.9	
Vg.E.Ee1.4.0-10.16	TQ Powders	7/12/2017 11:54:16 AM	14.0274	0.0384	0.0017	5.3347	0.013	18.41	0.04	1011.6408	0.0025	9.483	0.022	1002.5753	0.0021	0.02651	0.00065	13.0141	0.0017	0.07112	0.00092	32.6383	0.00063	0.00515	0.00031	5.8540	0.00067	0.02062	0.00026	65.0474	0.00027	0.00399	0.00006	52.6228	0.00018	10830	10	12798.4039	0.1	161.4	0.6	624.8850	0.3	106100	100	74770.1253	0.1	9.4	1.0	11.3118	1.3	39.4	0.8	67.2578	0.9	12.0	0.3	99.9667	0.4	867.1	2.4	1250.8748	0.1	62.2	0.7	89.6792	1.0	9.0	0.5	19.2022	1.5	14.7	0.9	28.4329	0.9	
Vg.E.Ee2.2.40-60.16	TQ Powders	7/12/2017 12:08:40 PM	14.1600	0.0455	0.0020	5.4216	0.013	19.60	0.04	1051.1813	0.0023	10.10	0.02	1029.3739	0.0020	0.00783	0.00026	8.6283	0.0017	0.03826	0.00074	17.0181	0.00071	0.00356	0.00027	4.4069	0.00067	0.01241	0.00023	37.9289	0.00028	0.00043	0.00001	32.4457	0.00018	10920	10	12426.7378	0.1	157.4	0.6	587.9710	0.3	105000	100	71668.7313	0.1	6.8	0.9	8.1362	1.4	32.6	0.8	55.0916	0.9	10.1	0.2	83.1239	0.4	824.1	2.4	1178.6219	0.1	59.6	0.7	85.1635	1.0	8.4	0.5	17.9715	1.5	13.1	0.9	25.1469	0.9	