McMahon_JPE2_plus
Element	Method	Eval Date	Mass coefficient.	Mg	Mg	Mg	Mg	Al	Al	Al	Al	Si	Si	Si	Si	P	P	P	P	S	S	S	S	Cl	Cl	Cl	Cl	K	K	K	K	Ca	Ca	Ca	Ca	Ti	Ti	Ti	Ti	Mn	Mn	Mn	Mn	Fe	Fe	Fe	Fe	Cu	Cu	Cu	Cu	Zn	Zn	Zn	Zn	Sr	Sr	Sr	Sr	Zr	Zr	Zr	Zr	Nb	Nb	Nb	Nb	Mo	Mo	Mo	Mo	Pb	Pb	Pb	Pb	
Dimension			cm²/g	%	Abs. Error ( %)	Norm. Int.	%	%	Abs. Error ( %)	Norm. Int.	%	%	Abs. Error ( %)	Norm. Int.	%	%	Abs. Error ( %)	Norm. Int.	%	%	Abs. Error ( %)	Norm. Int.	%	%	Abs. Error ( %)	Norm. Int.	%	%	Abs. Error ( %)	Norm. Int.	%	%	Abs. Error ( %)	Norm. Int.	%	µg/g	Abs. Error ( µg/g)	Norm. Int.	µg/g	µg/g	Abs. Error ( µg/g)	Norm. Int.	µg/g	µg/g	Abs. Error ( µg/g)	Norm. Int.	µg/g	µg/g	Abs. Error ( µg/g)	Norm. Int.	µg/g	µg/g	Abs. Error ( µg/g)	Norm. Int.	µg/g	µg/g	Abs. Error ( µg/g)	Norm. Int.	µg/g	µg/g	Abs. Error ( µg/g)	Norm. Int.	µg/g	µg/g	Abs. Error ( µg/g)	Norm. Int.	µg/g	µg/g	Abs. Error ( µg/g)	Norm. Int.	µg/g	µg/g	Abs. Error ( µg/g)	Norm. Int.	µg/g	
JP.E2.T.2.0-10.16	TQ Powders	7/13/2017 12:49:28 PM	8.7855	0.2372	0.0067	8.2682	0.011	12.38	0.03	690.2547	0.0066	27.31	0.04	2880.6639	0.00001	0.0463	0.0011	10.8708	0.0016	0.04287	0.00067	16.1705	0.00038	0.00433	0.00028	4.3975	0.00061	0.02691	0.00030	66.0364	0.00025	0.5499	0.0010	2247.3497	0.00001	3864	6	3484.2298	0.1	222.6	0.7	683.3191	0.4	11360	20	7057.3240	0.1	8.7	0.5	16.4310	0.7	44.3	0.5	118.4862	0.5	5.4	0.1	75.7495	0.2	202.0	0.9	448.3651	0.4	11.2	0.3	26.6313	0.7	1.9	0.2	7.8863	0.8	10.0	0.3	31.9972	0.4	
JP.E2.L.3.0-10.16	TQ Powders	7/13/2017 1:03:44 PM	8.8988	0.01570	0.00061	5.0365	0.0100	14.12	0.03	779.6056	0.0060	25.96	0.04	2587.4689	0.00001	0.03149	0.00088	7.7894	0.0015	0.02637	0.00055	9.4548	0.00041	0.00587	0.00028	5.2230	0.00057	0.02511	0.00028	57.9738	0.00021	0.02567	0.00022	100.5484	0.00016	3350	5	2868.1690	0.1	56.0	0.4	163.3058	0.4	9141	14	5412.8415	0.1	3.8	0.5	6.9306	0.7	9.5	0.3	24.7045	0.5	2.6	0.1	36.5309	0.2	206.3	1.0	452.6372	0.4	8.5	0.3	20.7366	0.7	3.1	0.2	10.9810	0.8	4.4	0.3	13.9891	0.4	
JP.E2.Ee1.3.0-10.16	TQ Powders	7/13/2017 1:17:57 PM	8.6769	0.0312	0.0012	5.2652	0.011	13.06	0.03	727.6163	0.0064	27.40	0.04	2825.4875	0.00001	0.03507	0.00096	8.3649	0.0016	0.03677	0.00063	13.3895	0.00040	0.00480	0.00028	4.6184	0.00059	0.02561	0.00028	60.7939	0.00021	0.08654	0.00038	343.9293	0.00013	3169	5	2799.9243	0.1	93.4	0.5	281.7948	0.5	9047	14	5537.8030	0.1	2.7	0.5	5.0573	0.7	11.7	0.3	31.5805	0.5	3.9	0.1	55.3007	0.2	193.4	0.9	431.8262	0.4	8.3	0.3	20.3945	0.7	3.1	0.2	10.9836	0.8	4.7	0.3	15.2815	0.4	
JP.E2.Ee2.3.0-10.16	TQ Powders	7/13/2017 1:32:11 PM	8.4337	0.0490	0.0019	5.5417	0.011	12.06	0.03	698.5564	0.0073	29.60	0.04	3219.8545	0.00001	0.03391	0.00096	8.3944	0.0016	0.04020	0.00065	14.9405	0.00038	0.00475	0.00029	4.6569	0.00061	0.02284	0.00026	55.7661	0.00020	0.05928	0.00031	243.2558	0.00014	2822	5	2575.8422	0.1	73.2	0.4	228.7165	0.4	8858	14	5612.2356	0.1	2.8	0.5	5.4832	0.6	14.6	0.3	40.4766	0.5	4.2	0.1	61.2359	0.2	199.8	0.9	456.4656	0.4	8.2	0.3	20.8027	0.7	2.5	0.2	9.7555	0.8	5.4	0.3	18.2301	0.4	
JP.E2.T.3.0-10.16	TQ Powders	7/13/2017 1:46:28 PM	8.6994	0.0301	0.0012	5.3107	0.0092	12.51	0.03	812.1728	0.0053	24.62	0.03	2698.2873	0.00001	0.03047	0.00086	7.7942	0.0015	0.02752	0.00055	10.3214	0.00041	0.00343	0.00024	3.8143	0.00056	0.02213	0.00026	54.7395	0.00020	0.01877	0.00018	79.6852	0.00015	3304	5	3060.3941	0.1	65.6	0.4	207.4190	0.4	8861	14	5648.1335	0.1	3.2	0.5	6.3607	0.6	7.5	0.3	20.6846	0.5	2.6	0.1	37.1486	0.2	197.6	0.9	452.2746	0.4	9.4	0.3	23.6647	0.7	2.8	0.2	10.4796	0.8	3.9	0.3	12.7910	0.4	
JP.E2.Ee1.4.0-10.16	TQ Powders	7/13/2017 2:00:42 PM	8.5772	0.01669	0.00068	5.0514	0.011	11.16	0.03	635.5492	0.0072	29.63	0.04	3149.9776	0.00001	0.0368	0.0011	7.2978	0.0016	0.02948	0.00057	10.6457	0.00041	0.00604	0.00028	5.3759	0.00058	0.02161	0.00026	50.7781	0.00020	0.04775	0.00029	187.8486	0.00014	2462	4	2150.8508	0.1	90.5	0.5	270.4551	0.4	6752	12	4100.3226	1.4	2.3	0.5	4.4179	0.6	8.4	0.3	22.7222	0.5	1.8	0.1	25.8948	0.2	98.0	0.7	221.6115	0.6	5.5	0.3	14.6350	0.7	2.5	0.2	9.6748	0.7	4.0	0.3	13.0858	0.4	
JP.E2.Ee2.4.0-10.16	TQ Powders	7/13/2017 2:14:59 PM	8.5190	0.1449	0.0046	6.9311	0.011	12.66	0.03	703.6787	0.0065	27.48	0.04	2861.8798	0.00001	0.03595	0.00094	8.9332	0.0015	0.04794	0.00070	17.7321	0.00030	0.00664	0.00029	5.8628	0.00059	0.02807	0.00029	67.6886	0.00022	0.2771	0.0007	1114.3859	0.00001	2966	5	2653.7474	0.1	112.5	0.5	344.0811	0.4	7960	13	4939.7089	0.1	2.1	0.5	4.1499	0.7	23.8	0.4	65.2452	0.5	3.3	0.1	47.7536	0.2	205.5	1.0	464.6237	0.4	6.5	0.3	16.8929	0.7	2.9	0.2	10.7917	0.8	7.4	0.3	24.4081	0.4	
JP.E2.T.4.0-10.16	TQ Powders	7/13/2017 2:29:13 PM	8.5588	0.02439	0.00097	5.1676	0.011	12.51	0.03	708.9686	0.0065	28.70	0.04	3022.7201	0.00001	0.0792	0.0015	15.4122	0.0016	0.03161	0.00059	11.4990	0.00041	0.00665	0.00030	5.8120	0.00059	0.02062	0.00025	49.1855	0.00021	0.09120	0.00039	362.8173	0.00011	2771	5	2461.9664	0.1	52.7	0.4	159.5950	0.4	7784	13	4786.5323	0.1	1.5	0.5	2.9319	0.7	6.8	0.3	18.5889	0.5	9.9	0.1	141.7506	0.2	180.3	0.9	407.8953	0.4	11.7	0.3	28.3315	0.7	2.4	0.2	9.3904	0.8	3.2	0.3	10.4712	0.4	
JP.E2.L.4.0-10.16	TQ Powders	7/13/2017 2:43:28 PM	8.5404	0.01576	0.00063	5.0385	0.011	13.00	0.03	742.2828	0.0064	28.46	0.04	2997.5293	0.00001	0.03100	0.00093	7.3810	0.0016	0.02796	0.00056	10.1833	0.00042	0.00631	0.00029	5.6077	0.00058	0.02281	0.00026	54.5273	0.00020	0.01330	0.00016	54.9035	0.00016	3095	5	2759.9308	0.1	45.3	0.4	138.1473	0.4	8128	13	5028.0419	0.1	2.4	0.5	4.5756	0.7	5.5	0.3	14.9583	0.5	1.9	0.1	27.2434	0.2	169.4	0.9	385.0142	0.4	7.4	0.3	18.9309	0.7	1.4	0.2	6.8558	0.8	2.4	0.3	7.8696	0.4	
Vg.E.3.40-60.04	TQ Powders	7/13/2017 2:57:52 PM	15.6159	0.0620	0.0026	5.6154	0.014	20.82	0.05	1075.4812	0.0025	8.449	0.022	831.6537	0.0024	< 0.00030	(0.0)	6.6075	0.00030	0.04746	0.00084	20.7062	0.00075	0.00092	0.00014	2.2632	0.00070	0.00911	0.00022	27.6925	0.00030	< 0.0010	(0.0)	17.6827	0.00100	12420	10	13934.6086	0.1	166.1	0.6	607.3174	0.4	123500	100	81942.1031	0.1	6.5	1.1	7.0165	1.6	31.0	0.8	47.6460	1.1	13.6	0.3	102.1336	0.4	1071	3	1402.4827	0.1	69.1	0.8	90.8477	1.1	9.1	0.6	18.1427	1.8	13.5	1.0	23.5693	1.1	
Vg.E.4.60-100.04	TQ Powders	7/13/2017 3:12:19 PM	15.4997	0.0349	0.0016	5.2689	0.014	20.41	0.05	1078.0033	0.0025	8.406	0.022	845.9511	0.0024	< 0.00030	(0.0)	5.9090	0.00030	0.03652	0.00076	16.3064	0.00077	< 0.00070	(0.00016)	1.6587	0.00069	0.00943	0.00022	29.1491	0.00029	< 0.0010	(0.0)	18.1535	0.00100	12120	10	13833.7880	0.1	163.0	0.6	606.7286	0.4	123500	100	83486.0206	0.1	8.3	1.1	9.1563	1.4	34.0	0.8	52.7547	1.0	14.7	0.3	111.1114	0.5	1076	3	1423.2616	0.1	68.4	0.8	90.8486	1.1	9.9	0.6	19.5276	1.8	15.0	1.1	26.3870	1.0	
Vg.E.3.60-100.04	TQ Powders	7/13/2017 3:26:46 PM	15.0471	0.0543	0.0023	5.5480	0.014	20.04	0.04	1083.8536	0.0025	7.985	0.021	821.8882	0.0024	< 0.00030	(0.0)	6.1966	0.00030	0.04124	0.00078	18.9141	0.00074	0.00129	0.00017	2.6099	0.00068	0.01170	0.00023	36.9897	0.00029	< 0.0010	(0.0)	22.2756	0.00100	12100	10	14184.6924	0.1	160.3	0.6	611.7831	0.4	119900	100	83108.0003	0.1	7.5	1.0	8.4699	1.2	37.5	0.8	59.7921	0.9	14.2	0.3	110.1088	0.4	1030	3	1399.9900	0.1	63.9	0.8	87.4910	1.1	9.6	0.6	19.5143	1.7	17.0	1.0	30.7663	0.9	
JP.E2.T.1.0-10.16	TQ Powders	7/13/2017 3:55:10 PM	8.7417	< 0.011	(0.0)	4.8058	0.011	14.54	0.03	794.9232	0.0061	25.56	0.04	2567.4620	0.00001	0.03105	0.00095	6.9119	0.0015	0.02209	0.00052	8.0649	0.00045	0.00326	0.00023	3.6403	0.00058	0.02385	0.00028	57.1126	0.00022	0.02149	0.00020	88.1843	0.00016	4923	7	4390.2421	0.1	80.6	0.5	244.1122	0.4	10360	20	6362.5049	0.1	4.1	0.5	7.6831	0.7	8.1	0.3	21.6723	0.5	2.4	0.1	33.7857	0.2	135.6	0.8	301.9273	0.5	7.1	0.3	18.1278	0.7	1.8	0.2	7.6578	0.7	2.1	0.3	6.6953	0.4	
JP.E2.Ee1.2.0-10.16	TQ Powders	7/13/2017 4:09:02 PM	8.8440	0.1624	0.0050	7.0757	0.011	16.89	0.04	923.1830	0.0049	21.63	0.03	2196.1706	0.00001	0.0529	0.0011	12.5694	0.0014	0.04755	0.00069	19.0091	0.00037	0.00610	0.00028	5.8485	0.00056	0.04028	0.00035	106.4648	0.00024	0.2426	0.0006	1080.6771	0.00001	6985	8	6921.6872	0.1	189.7	0.7	634.9311	0.3	19590	20	12549.8285	0.1	24.6	0.7	44.9271	0.7	46.6	0.5	121.2475	0.5	10.3	0.1	134.9597	0.2	246.7	1.1	510.8698	0.3	15.1	0.4	32.6880	0.7	3.2	0.3	10.7798	0.8	12.4	0.4	36.7795	0.5	
JP.E2.Ee2.2.0-10.16	TQ Powders	7/13/2017 4:22:49 PM	8.6514	0.1427	0.0045	6.9135	0.011	14.50	0.03	817.6366	0.0061	25.82	0.04	2701.2475	0.00001	0.03794	0.00098	9.1653	0.0015	0.03813	0.00063	14.5670	0.00040	0.00695	0.00030	6.2177	0.00059	0.02946	0.00030	73.6490	0.00023	0.2647	0.0007	1107.4297	0.00001	4381	6	4073.3313	0.1	137.7	0.6	435.7049	0.5	12750	20	8150.7786	0.1	5.3	0.5	10.1690	0.7	32.1	0.4	87.2546	0.5	6.2	0.1	88.6254	0.2	187.7	0.9	420.8045	0.4	12.3	0.3	29.2173	0.7	3.7	0.3	12.5848	0.8	7.5	0.3	24.7063	0.4	
JP.E2.L.2.0-10.16	TQ Powders	7/13/2017 4:36:36 PM	8.8412	0.1297	0.0040	6.6867	0.010	16.65	0.04	891.0561	0.0048	22.73	0.03	2192.8923	0.00001	0.0471	0.0011	10.2140	0.0014	0.02850	0.00056	10.5789	0.00042	0.00549	0.00027	5.0992	0.00058	0.03003	0.00031	71.9107	0.00023	0.1485	0.0005	594.8136	0.00100	4785	6	4255.9942	0.1	93.4	0.5	282.1528	0.4	11510	20	7045.5357	0.1	6.9	0.5	12.8840	0.7	21.4	0.4	56.4512	0.5	3.2	0.1	44.9587	0.2	178.0	0.9	393.0871	0.4	10.7	0.3	25.6158	0.7	3.5	0.2	12.0066	0.7	7.0	0.3	22.2341	0.4	
JP.E2.2.10-20.04	TQ Powders	7/13/2017 4:50:26 PM	8.7509	0.0707	0.0024	5.8188	0.010	17.16	0.04	916.7503	0.0048	22.43	0.03	2158.0257	0.00001	0.02577	0.00080	6.7063	0.0014	0.01933	0.00049	7.1656	0.00046	0.00384	0.00025	4.0406	0.00057	0.02547	0.00028	61.5634	0.00022	0.00473	0.00011	22.1274	0.00017	4653	6	4200.9447	0.1	60.4	0.4	185.4357	0.4	12100	20	7523.7614	0.1	4.7	0.5	8.7951	0.7	7.8	0.3	20.7205	0.5	3.0	0.1	42.6123	0.2	183.6	0.9	408.6029	0.4	11.2	0.3	26.5645	0.7	2.7	0.2	10.1606	0.8	3.3	0.3	10.6228	0.4	
JP.E2.1.10-20.04	TQ Powders	7/13/2017 5:04:13 PM	8.7613	0.0545	0.0019	5.5786	0.0099	18.05	0.04	961.4874	0.0042	21.50	0.03	2046.9030	0.00001	0.02368	0.00073	6.5687	0.0014	0.01248	0.00049	4.7384	0.00046	0.00281	0.00021	3.3765	0.00056	0.02478	0.00028	60.3340	0.00023	0.00642	0.00013	29.1836	0.00017	5790	7	5262.5196	0.1	64.0	0.4	196.8822	0.4	12320	20	7665.8990	0.1	5.7	0.5	10.7681	0.7	9.0	0.3	24.0080	0.5	3.4	0.1	47.6209	0.2	198.6	0.9	439.8723	0.4	13.6	0.3	31.4799	0.7	1.5	0.2	6.9533	0.8	4.9	0.3	15.6103	0.4	
JP.E2.3.10-20.04	TQ Powders	7/13/2017 5:18:02 PM	8.7532	0.0648	0.0022	5.7402	0.0099	17.03	0.04	908.1045	0.0048	22.57	0.03	2160.8486	0.00001	0.02505	0.00076	6.7321	0.0014	0.01666	0.00047	6.1133	0.00047	0.00375	0.00024	3.9553	0.00057	0.02518	0.00028	60.1476	0.00022	0.00336	0.00010	16.1396	0.00017	4375	6	3897.5725	0.1	57.1	0.4	172.9317	0.4	10990	20	6750.6203	0.1	4.6	0.5	8.7031	0.7	6.0	0.3	16.0812	0.5	2.7	0.1	37.5631	0.2	197.1	0.9	438.0435	0.4	9.7	0.3	23.3797	0.7	2.5	0.2	9.5187	0.8	2.6	0.3	8.4823	0.4	
JP.E2.4.10-20.04	TQ Powders	7/13/2017 5:31:50 PM	8.6515	< 0.010	(0.0)	4.8004	0.010	13.15	0.03	729.5856	0.0064	27.43	0.04	2804.0589	0.00001	0.02778	0.00087	6.6876	0.0015	0.01887	0.00049	6.8400	0.00045	0.00505	0.00026	4.7445	0.00058	0.02203	0.00026	51.8014	0.00021	0.00370	0.00011	16.3614	0.00016	3582	5	3131.7474	0.1	44.6	0.4	132.9660	0.4	7740	13	4685.3859	0.1	2.6	0.5	4.9514	0.7	6.6	0.3	17.7655	0.5	1.6	0.1	23.3902	0.2	163.3	0.9	365.1515	0.5	7.2	0.3	18.2533	0.7	2.8	0.2	10.4304	0.7	3.2	0.3	10.4672	0.4	
JP.E2.1.0-10.04	TQ Powders	7/13/2017 5:45:39 PM	8.7786	0.0679	0.0024	5.7975	0.010	17.23	0.04	952.9001	0.0048	23.29	0.03	2316.9059	0.00001	0.03237	0.00086	8.5842	0.0015	0.02747	0.00056	10.3232	0.00043	0.00438	0.00026	4.4562	0.00057	0.03271	0.00032	80.9718	0.00023	0.01973	0.00020	85.2971	0.00018	5950	7	5518.1677	0.1	75.3	0.5	236.2561	0.5	14110	20	8949.5380	0.1	6.3	0.5	12.0090	0.7	9.7	0.3	25.8710	0.5	4.1	0.1	56.9223	0.2	234.8	1.0	522.4912	0.3	13.2	0.3	30.9085	0.7	2.5	0.2	9.4490	0.8	2.7	0.3	8.8455	0.4	
JP.E2.2.0-10.04	TQ Powders	7/13/2017 5:59:30 PM	8.7114	0.0672	0.0024	5.7852	0.010	16.42	0.04	893.8235	0.0049	23.71	0.03	2328.6188	0.00001	0.02728	0.00078	7.5708	0.0015	0.02504	0.00053	9.2845	0.00044	0.00684	0.00030	5.9947	0.00058	0.02903	0.00030	69.9986	0.00021	0.01652	0.00018	69.2951	0.00017	4329	6	3901.8955	0.1	64.4	0.4	197.4679	0.4	11380	20	7075.0679	0.1	4.0	0.5	7.5834	0.7	7.1	0.3	18.9332	0.5	2.9	0.1	40.4211	0.2	228.4	1.0	510.2364	0.3	11.3	0.3	26.8825	0.7	2.9	0.2	10.7061	0.8	4.6	0.3	15.0557	0.4	
JP.E2.3.0-10.04	TQ Powders	7/13/2017 6:13:16 PM	8.7022	0.0502	0.0018	5.5285	0.010	16.91	0.04	920.1179	0.0049	23.26	0.03	2288.2002	0.00001	0.03492	0.00095	8.2284	0.0014	0.02598	0.00055	9.6694	0.00045	0.00408	0.00026	4.2319	0.00058	0.03176	0.00031	77.7603	0.00022	0.00954	0.00015	42.3014	0.00018	4891	6	4487.7351	0.1	60.1	0.4	187.2768	0.4	12700	20	8002.6847	0.1	4.4	0.5	8.3378	0.7	6.5	0.3	17.5094	0.5	2.8	0.1	39.1979	0.2	179.7	0.9	401.8662	0.4	10.7	0.3	25.8344	0.7	2.5	0.2	9.5542	0.8	2.5	0.3	8.0023	0.4	
JP.E2.4.0-10.04	TQ Powders	7/13/2017 6:27:19 PM	8.6057	< 0.0092	(0.0)	4.8161	0.0091	10.07	0.03	681.0366	0.0054	25.10	0.03	2973.8954	0.00001	0.03305	0.00095	7.6852	0.0014	0.02489	0.00051	9.8596	0.00038	0.00689	0.00028	6.3612	0.00053	0.02449	0.00026	63.7730	0.00018	0.02521	0.00020	111.3256	0.00014	2902	5	2838.2503	0.1	45.2	0.3	151.2805	0.4	6285	11	4271.9724	0.7	1.8	0.4	3.9411	0.6	5.4	0.3	16.1594	0.4	1.6	0.1	25.9874	0.2	128.8	0.7	314.1222	0.5	6.8	0.3	18.6345	0.7	2.3	0.2	9.4891	0.7	4.2	0.2	15.3593	0.4	
JP.E2.Ee1.1.0-10.16	TQ Powders	7/14/2017 8:45:11 AM	8.7001	0.01907	0.00076	5.0835	0.010	13.72	0.03	759.4893	0.0062	26.60	0.04	2704.4619	0.00001	0.03782	0.00100	8.6307	0.0015	0.03201	0.00059	11.6064	0.00040	0.00593	0.00028	5.3364	0.00058	0.02408	0.00028	57.0449	0.00021	0.03210	0.00024	128.5878	0.00016	4010	6	3534.8678	0.1	50.2	0.4	150.7082	0.5	8887	14	5411.9796	0.1	5.0	0.5	9.4603	0.7	8.4	0.3	22.5715	0.5	3.3	0.1	47.2320	0.2	183.4	0.9	410.1743	0.4	9.4	0.3	23.0464	0.7	1.5	0.2	6.8994	0.7	3.1	0.3	10.2462	0.4	
JP.E2.Ee2.1.0-10.16	TQ Powders	7/14/2017 8:59:01 AM	8.9729	0.01903	0.00075	5.0870	0.010	14.13	0.03	784.5277	0.0062	26.52	0.04	2684.0903	0.00001	0.03476	0.00097	8.0670	0.0015	0.02888	0.00057	10.4032	0.00043	0.00417	0.00026	4.1858	0.00058	0.02587	0.00029	60.6531	0.00023	0.02354	0.00021	94.4688	0.00017	4807	7	4187.4214	0.1	58.7	0.4	173.3489	0.4	11190	20	6700.1647	0.1	4.1	0.5	7.6167	0.7	9.1	0.3	23.6335	0.5	4.9	0.1	67.0723	0.2	186.3	0.9	404.5585	0.4	13.8	0.3	31.4029	0.7	2.8	0.2	10.1580	0.8	2.9	0.3	9.1638	0.4	
Vg.E.4.40-60.04_rerun	TQ Powders	7/14/2017 9:12:54 AM	15.1811	0.0666	0.0028	5.7178	0.014	20.22	0.04	1094.6082	0.0025	8.568	0.022	881.7406	0.0024	< 0.00030	(0.0)	6.0901	0.00030	0.04571	0.00081	20.6922	0.00074	0.00155	0.00019	2.8138	0.00070	0.00966	0.00022	30.3484	0.00029	< 0.0010	(0.0)	21.4015	0.00100	12230	10	14188.4115	0.1	168.7	0.6	637.1662	0.4	120400	100	82804.5068	0.1	8.2	1.0	9.2325	1.3	38.5	0.8	61.1314	0.9	14.3	0.3	111.0602	0.4	1186	3	1604.6821	0.1	68.8	0.8	93.7015	1.1	9.1	0.6	18.6859	1.8	14.0	1.1	25.3604	0.9	
JP.E2.L.1.0-10.16	TQ Powders	7/14/2017 9:26:44 AM	8.5724	0.0700	0.0025	5.8251	0.011	14.50	0.03	794.3197	0.0061	25.63	0.04	2585.6271	0.00001	0.0461	0.0012	9.2603	0.0015	0.03535	0.00062	13.0074	0.00037	0.00440	0.00027	4.3961	0.00058	0.02478	0.00028	59.7363	0.00022	0.09324	0.00039	376.2718	0.00012	4123	6	3701.3868	0.1	59.5	0.4	181.8538	0.4	8947	14	5548.8927	0.1	3.9	0.5	7.4768	0.7	13.4	0.3	36.3744	0.5	3.2	0.1	46.2301	0.2	118.7	0.7	267.0148	0.5	7.9	0.3	19.7153	0.7	2.2	0.2	8.7174	0.7	4.0	0.3	13.1643	0.4	
It.E1.Ee1.4.0-10.16	TQ Powders	7/14/2017 9:40:42 AM	9.2035	0.1502	0.0046	7.1545	0.0093	23.35	0.04	1394.6516	0.00001	9.054	0.021	917.1343	0.0012	0.02914	0.00057	13.8581	0.0012	0.04415	0.00064	20.4614	0.00042	0.00600	0.00027	6.5299	0.00052	0.02882	0.00031	89.7119	0.00030	0.01146	0.00015	71.9400	0.00021	15450	10	17924.9730	0.1	59.0	0.5	221.4248	0.4	35960	40	26873.4498	0.1	3.3	0.6	6.0808	0.8	18.3	0.4	47.9897	0.5	15.2	0.2	201.7798	0.2	603.0	1.6	1305.5711	0.1	57.4	0.6	121.0869	0.7	6.2	0.4	18.7038	1.1	6.1	0.5	18.9606	0.5	
It.E1.T.3.0-10.16	TQ Powders	7/14/2017 9:54:34 AM	19770.9258																									0.0	0.0	0.0035	0.0	0.0	0.0	0.0035	0.0	0.0	0.0	0.0351	0.0	0.0	0.0	0.0000	0.0	< 1.0	(0.0)	10732.4911	1.0	< 0.5	(0.0)	29.5959	0.5	< 0.5	(0.0)	21.6413	0.5	< 0.5	(0.0)	39.0388	0.5	0.0	0.0	2047.9013	0.0	0.0	0.0	200.2727	0.0	0.0	0.0	49.4733	0.0	< 0.6	(0.0)	13.7370	0.6	
It.E1.Ee2.3.0-10.16	TQ Powders	7/14/2017 10:08:48 AM	9.5066	0.1203	0.0039	6.6063	0.0098	23.05	0.04	1322.3222	0.00001	9.513	0.021	940.7738	0.0012	0.02685	0.00056	12.6838	0.0013	0.04213	0.00065	18.9922	0.00044	0.00613	0.00028	6.4858	0.00054	0.02772	0.00031	83.8688	0.00030	0.01206	0.00015	73.5736	0.00021	15170	10	17112.7644	0.1	61.9	0.5	226.2817	0.4	38080	40	27723.7991	0.1	3.3	0.6	5.9111	0.8	18.1	0.4	45.7775	0.6	15.3	0.2	197.3776	0.2	577.8	1.6	1214.8363	0.1	54.0	0.6	110.9468	0.8	5.7	0.4	17.3309	1.1	6.6	0.5	19.8717	0.6	
It.E1.L.3.0-10.16	TQ Powders	7/14/2017 10:22:43 AM	9.3126	0.1400	0.0044	6.9795	0.0095	22.74	0.04	1352.6632	0.00001	9.574	0.021	975.4746	0.0012	0.02315	0.00050	12.3003	0.0012	0.04192	0.00064	19.3702	0.00043	0.00799	0.00030	8.1656	0.00053	0.03235	0.00033	100.2344	0.00030	0.03989	0.00026	219.6987	0.00020	14860	10	17173.6873	0.1	73.7	0.5	275.9859	0.4	37400	40	27879.1872	0.1	4.3	0.6	7.9296	0.8	19.0	0.4	49.1610	0.5	16.0	0.2	209.7571	0.2	591.7	1.6	1249.8470	0.1	56.5	0.6	115.7868	0.7	7.2	0.4	20.6505	1.1	6.3	0.5	19.4838	0.5	
It.E1.T.4.0-10.16	TQ Powders	7/14/2017 10:36:38 AM	9.3248	0.1262	0.0040	6.7522	0.0094	23.57	0.04	1390.1058	0.00001	8.996	0.021	900.6742	0.0012	0.02862	0.00057	13.3909	0.0012	0.03771	0.00061	17.3094	0.00044	0.00399	0.00025	4.8230	0.00052	0.02980	0.00032	91.8340	0.00030	0.00927	0.00014	60.1928	0.00021	15590	10	17913.1310	0.1	57.0	0.5	211.9359	0.4	36830	40	27246.2378	0.1	2.7	0.6	4.9073	0.8	16.7	0.4	43.1548	0.6	15.4	0.2	200.9906	0.2	593.9	1.6	1256.1227	0.1	57.2	0.6	117.7604	0.8	5.7	0.4	17.2715	1.1	5.4	0.5	16.5221	0.5	
It.E1.L.4.0-10.16	TQ Powders	7/14/2017 10:50:32 AM	9.4034	0.1341	0.0043	6.8695	0.0094	24.01	0.04	1412.6351	0.00001	8.886	0.021	883.1288	0.0013	0.01776	0.00039	11.7167	0.0012	0.03096	0.00057	14.2104	0.00047	0.00462	0.00026	5.3185	0.00052	0.03443	0.00034	105.4806	0.00031	0.01086	0.00015	68.0217	0.00022	16200	20	18496.9350	0.1	57.8	0.5	212.7520	0.4	37070	40	27192.1612	0.1	1.8	0.6	3.2377	0.8	17.4	0.4	44.4874	0.6	15.8	0.2	205.0499	0.2	637.0	1.7	1349.7323	0.1	59.4	0.6	122.5689	0.8	6.1	0.4	18.3451	1.1	6.8	0.5	20.7608	0.6	
It.E1.Ee1.3.0-10.16	TQ Powders	7/14/2017 11:04:27 AM	9.2964	0.1073	0.0036	6.4942	0.0094	22.86	0.04	1378.4788	0.00001	9.559	0.021	981.5848	0.0012	0.02909	0.00059	13.6468	0.0012	0.04350	0.00064	20.2149	0.00043	0.00611	0.00029	6.6353	0.00053	0.03052	0.00032	95.2472	0.00030	0.00871	0.00013	58.2672	0.00021	15050	10	17523.7460	0.1	58.8	0.5	221.5102	0.4	37670	40	28255.5365	0.1	4.0	0.6	7.3698	0.8	18.8	0.4	48.8326	0.6	16.9	0.2	222.5276	0.2	590.9	1.6	1269.0702	0.1	55.9	0.6	116.8843	0.8	6.9	0.4	20.2114	1.1	6.1	0.5	18.7799	0.5	
It.E1.Ee2.2.0-10.16	TQ Powders	7/14/2017 11:18:24 AM	9.5161	0.1017	0.0035	6.3957	0.0096	22.26	0.04	1336.3879	0.00001	10.11	0.02	1043.9475	0.0011	0.03397	0.00067	14.2772	0.0013	0.04112	0.00064	19.0420	0.00046	0.00690	0.00028	7.2737	0.00053	0.03002	0.00032	93.2627	0.00029	0.01593	0.00017	96.4419	0.00020	14730	10	17068.4186	0.1	68.0	0.5	255.6206	0.3	40520	40	30203.4232	0.1	5.7	0.6	10.2922	0.8	19.6	0.5	49.7434	0.6	17.5	0.2	224.0585	0.2	575.0	1.6	1210.3466	0.1	54.9	0.6	112.9251	0.8	6.3	0.4	18.5539	1.1	6.7	0.6	20.2515	0.6	
